Forage: 47, 47, 53, 42, 43, 36, 36, 27
Forage: 51, 52, 48, 44, 35, 34, 36, 26, 32
Forage: 44, 46, 45, 39, 37, 32, 33, 30, 36
Forage: 46, 52, 49, 43, 43, 39, 28, 35, 23
Forage: 45, 53, 47, 42, 34, 38, 30, 38, 27
Forage: 48, 48, 46, 41, 39, 35, 35, 26, 35
Forage: 51, 52, 37, 45, 33, 36, 27, 31, 29
Forage: 51, 50, 45, 40, 36, 33, 32, 36, 25
Forage: 45, 50, 42, 42, 37, 33, 33, 33, 28
Forage: 49, 49, 46, 37, 41, 37, 25, 30, 24
Forage: 46, 50, 47, 37, 42, 34, 28, 35, 25
Forage: 46, 53, 38, 42, 37, 34, 37, 29, 33
Forage: 43, 53, 43, 42, 36, 41, 31, 32, 26
Forage: 49, 49, 39, 38, 39, 35, 42, 32, 30
Forage: 50, 52, 45, 39, 36, 28, 33, 33, 27
Forage: 47, 50, 44, 40, 41, 41, 39, 30
Forage: 41, 50, 47, 40, 36, 33, 30, 32, 22, 26
Forage: 46, 47, 51, 45, 38, 36, 35, 30
Forage: 46, 52, 46, 39, 40, 36, 30, 29, 33
Forage: 46, 49, 48, 41, 35, 34, 34, 25, 26
Forage: 48, 49, 44, 41, 40, 36, 31, 24, 26
Forage: 45, 46, 47, 41, 36, 39, 30, 32, 26
Forage: 42, 51, 45, 45, 39, 36, 30, 28, 32
Forage: 45, 51, 44, 38, 38, 37, 25, 34, 29
Forage: 44, 53, 49, 37, 39, 31, 34, 31, 28
Forage: 47, 52, 38, 39, 38, 35, 33, 33, 30
Forage: 38, 49, 42, 44, 40, 37, 35, 29, 34
Forage: 44, 55, 47, 34, 37, 40, 36, 33, 25
Forage: 50, 43, 49, 44, 35, 34, 36, 26, 34
Forage: 46, 47, 45, 42, 36, 33, 36, 29, 25
