Forage: 144, 142, 104, 67, 33, 16
Forage: 148, 150, 111, 63, 26, 10, 1, 2, 0, 0
Forage: 143, 157, 105, 67, 27, 7, 5
Forage: 149, 161, 92, 61, 34, 10
Forage: 139, 152, 107, 65, 31, 12, 3, 1
Forage: 149, 153, 102, 70, 25, 11
Forage: 146, 152, 113, 61, 32, 7
Forage: 143, 147, 114, 61, 30, 15
Forage: 145, 158, 92, 68, 28, 14, 3, 2
Forage: 149, 156, 116, 55, 25, 10
Forage: 147, 138, 109, 71, 28, 11, 7
Forage: 142, 147, 105, 71, 36, 4
Forage: 150, 151, 111, 51, 32, 13
Forage: 160, 151, 108, 61, 19, 10, 2
Forage: 147, 151, 101, 63, 34, 10, 4
Forage: 145, 157, 103, 66, 22, 10, 3, 3
Forage: 159, 144, 114, 56, 30, 7
Forage: 137, 154, 115, 60, 32, 8, 5, 0
Forage: 146, 162, 105, 58, 31, 7, 2, 0
Forage: 151, 142, 95, 73, 29, 13, 7
Forage: 148, 158, 98, 57, 31, 5, 10, 2, 1
Forage: 148, 146, 113, 61, 29, 10, 4, 0
Forage: 144, 142, 110, 72, 29, 11, 1
Forage: 151, 151, 109, 54, 32, 9
Forage: 146, 138, 102, 73, 37, 10, 4
Forage: 151, 149, 99, 63, 31, 14, 3, 1
Forage: 159, 149, 101, 61, 28, 9
Forage: 151, 146, 103, 66, 26, 12, 6, 1
Forage: 145, 163, 104, 65, 19, 10, 4, 1
Forage: 142, 164, 106, 67, 24, 7, 1, 0, 0, 0
