Forage: 178, 192, 106, 31
Forage: 191, 174, 99, 37, 8, 2
Forage: 179, 179, 109, 35
Forage: 185, 180, 101, 29, 12
Forage: 184, 176, 100, 40, 10
Forage: 186, 170, 101, 38, 11
Forage: 172, 181, 99, 44, 14
Forage: 186, 186, 95, 34, 8
Forage: 196, 173, 88, 37, 11, 6
Forage: 180, 171, 96, 38, 20, 6, 0, 0, 0
Forage: 175, 174, 104, 38, 16, 4
Forage: 197, 157, 106, 37, 10
Forage: 188, 171, 102, 31, 14, 4, 1
Forage: 173, 184, 102, 33, 15
Forage: 195, 167, 100, 35, 11
Forage: 178, 194, 98, 31, 8
Forage: 180, 166, 110, 46, 7
Forage: 175, 181, 107, 38, 9
Forage: 177, 176, 109, 39, 9
Forage: 179, 171, 90, 38, 20, 10, 3
Forage: 186, 171, 104, 36
Forage: 189, 174, 89, 41, 13, 3
Forage: 191, 186, 82, 36, 12
Forage: 199, 175, 92, 40, 4
Forage: 193, 166, 106, 29
Forage: 187, 179, 99, 40
Forage: 193, 172, 100, 41
Forage: 183, 184, 101, 31, 12, 0
Forage: 182, 175, 103, 35
Forage: 186, 166, 101, 43, 9, 5, 1
