Forage: 166, 170, 96, 55, 17, 6, 1, 0, 0
Forage: 165, 169, 106, 45, 19
Forage: 171, 164, 99, 52, 18, 7, 0
Forage: 167, 166, 116, 42, 18, 1
Forage: 161, 167, 105, 49, 23, 5, 1
Forage: 168, 159, 101, 59, 20, 4
Forage: 165, 170, 105, 50, 16
Forage: 171, 165, 105, 55, 10, 3
Forage: 166, 174, 110, 38, 17, 5
Forage: 163, 170, 105, 57, 15, 1
Forage: 164, 172, 109, 40, 16, 10
Forage: 165, 164, 107, 52, 14, 7
Forage: 155, 163, 108, 56, 24, 4
Forage: 169, 163, 101, 51, 24
Forage: 170, 170, 104, 47, 19
Forage: 162, 169, 107, 60, 11
Forage: 168, 171, 98, 47, 13, 12
Forage: 173, 158, 106, 49, 21, 2
Forage: 168, 168, 92, 55, 20, 5, 3
Forage: 165, 167, 106, 50, 20
Forage: 172, 176, 97, 45, 16, 3
Forage: 166, 177, 99, 49, 13
Forage: 172, 166, 95, 56, 19, 3
Forage: 167, 161, 121, 42, 18, 1, 1
Forage: 164, 162, 108, 54, 17, 4
Forage: 160, 169, 121, 46, 10, 5, 0
Forage: 165, 165, 89, 62, 18, 12
Forage: 151, 163, 116, 50, 23, 6
Forage: 153, 168, 107, 57, 18, 5
Forage: 152, 165, 122, 46, 22
