Forage: 114, 137, 102, 81, 37, 20, 10, 8, 1
Forage: 120, 123, 103, 76, 50, 27, 10
Forage: 120, 136, 109, 75, 46, 16, 7, 2, 0
Forage: 114, 148, 110, 63, 42, 26, 7
Forage: 129, 123, 100, 67, 43, 27, 13, 6, 3
Forage: 118, 123, 105, 82, 44, 21, 8, 6
Forage: 118, 128, 108, 71, 51, 21, 11, 2, 0
Forage: 116, 128, 112, 75, 40, 26, 12
Forage: 107, 141, 107, 56, 34, 32, 9, 11, 7, 3
Forage: 125, 138, 113, 61, 42, 22, 7, 0, 2
Forage: 115, 143, 103, 77, 45, 22, 6
Forage: 124, 135, 108, 58, 38, 17, 14, 8, 4, 5
Forage: 122, 126, 107, 67, 48, 26, 8, 5, 2
Forage: 118, 127, 102, 76, 44, 33, 8, 3
Forage: 122, 140, 109, 73, 38, 23, 4, 2
Forage: 116, 133, 100, 82, 51, 20, 8
Forage: 120, 129, 109, 81, 40, 19, 10, 1
Forage: 130, 131, 96, 70, 38, 24, 14, 5
Forage: 112, 132, 116, 82, 42, 21
Forage: 117, 141, 108, 57, 49, 25, 9, 3, 2
Forage: 129, 147, 88, 74, 36, 19, 10, 7, 1
Forage: 119, 138, 100, 76, 37, 27, 10, 2, 2
Forage: 118, 130, 99, 80, 46, 28, 5, 2, 1, 2
Forage: 115, 142, 107, 69, 44, 17, 8, 6, 2
Forage: 110, 141, 106, 75, 50, 15, 13, 1, 0, 0
Forage: 117, 136, 95, 81, 46, 23, 8, 2, 3
Forage: 114, 135, 103, 69, 45, 26, 13, 6
Forage: 121, 128, 109, 69, 40, 25, 11, 7, 1, 0
Forage: 129, 132, 106, 79, 29, 22, 9
Forage: 114, 128, 104, 84, 44, 20, 9, 8
