Forage: 30, 28, 22, 28, 21, 19, 20, 20, 23, 19, 17, 17, 22, 22, 17, 18
Forage: 27, 26, 24, 26, 27, 23, 19, 22, 16, 18, 24, 14, 22, 14, 17, 17, 17
Forage: 25, 31, 26, 24, 23, 23, 29, 18, 17, 19, 17, 15, 11, 16, 18, 15, 11, 17
Forage: 25, 32, 21, 26, 21, 21, 17, 20, 19, 19, 19, 19, 18, 16, 22, 16, 13, 13
Forage: 27, 28, 28, 29, 25, 22, 25, 22, 21, 21, 22, 16, 15, 18, 15, 16
Forage: 27, 29, 26, 24, 27, 19, 20, 20, 20, 20, 17, 21, 19, 13, 19, 13, 14
Forage: 26, 29, 27, 25, 23, 23, 23, 20, 19, 20, 20, 22, 19, 23, 19, 17
Forage: 25, 29, 25, 26, 21, 24, 15, 21, 21, 20, 18, 16, 18, 18, 14, 18, 12, 13
Forage: 25, 30, 24, 28, 26, 24, 17, 20, 19, 19, 17, 16, 22, 16, 13, 15, 17
Forage: 24, 27, 27, 27, 24, 24, 23, 23, 16, 24, 19, 11, 19, 11, 18, 18, 17
Forage: 23, 30, 25, 28, 20, 23, 20, 21, 20, 19, 17, 20, 13, 17, 14, 17, 11, 14
Forage: 20, 30, 33, 25, 28, 29, 20, 18, 17, 19, 19, 24, 20, 18, 10, 19
Forage: 24, 26, 26, 22, 25, 22, 20, 27, 16, 23, 15, 15, 15, 15, 15, 16, 14, 13, 9
Forage: 25, 31, 26, 21, 23, 21, 22, 19, 19, 21, 20, 17, 16, 15, 21, 14, 15
Forage: 27, 29, 27, 24, 26, 24, 19, 20, 17, 18, 18, 17, 18, 17, 16, 14, 15
Forage: 26, 30, 27, 22, 25, 22, 25, 20, 17, 18, 22, 19, 19, 18, 14, 15, 12
Forage: 27, 29, 24, 28, 24, 22, 21, 21, 25, 21, 26, 16, 16, 16, 19, 10
Forage: 25, 28, 25, 24, 22, 20, 26, 24, 17, 16, 20, 18, 18, 14, 19, 13, 13
Forage: 28, 32, 23, 27, 22, 20, 26, 22, 17, 26, 17, 19, 16, 16, 15, 12, 15
Forage: 24, 30, 30, 28, 23, 21, 24, 21, 21, 18, 15, 16, 15, 20, 17, 14, 13
Forage: 23, 27, 26, 27, 20, 21, 22, 25, 17, 24, 17, 18, 23, 20, 16, 17, 15
Forage: 26, 29, 24, 25, 24, 21, 23, 22, 22, 24, 20, 17, 14, 17, 16, 11, 16
Forage: 23, 32, 25, 24, 23, 24, 16, 19, 15, 20, 18, 19, 17, 12, 19, 22, 24
Forage: 25, 32, 25, 21, 22, 19, 21, 20, 19, 16, 19, 17, 14, 18, 15, 14, 16, 14
Forage: 27, 30, 26, 26, 21, 24, 22, 19, 21, 20, 15, 17, 17, 18, 16, 15, 13
Forage: 25, 29, 28, 27, 22, 21, 22, 24, 21, 21, 18, 17, 16, 15, 14, 16, 14
Forage: 24, 22, 26, 23, 24, 22, 19, 19, 23, 22, 20, 19, 14, 14, 17, 12, 15, 14
Forage: 26, 31, 29, 22, 24, 17, 19, 23, 23, 20, 13, 19, 18, 20, 16, 16, 14
Forage: 22, 25, 29, 28, 24, 20, 21, 21, 20, 20, 19, 17, 21, 22, 21, 16
Forage: 23, 27, 24, 23, 24, 20, 23, 19, 20, 20, 17, 15, 23, 18, 14, 14, 21, 11
