Forage: 46, 50, 42, 41, 41, 33, 41, 31, 30, 36, 31, 29, 28, 25, 18, 31, 25, 29, 26, 24, 28, 27, 29, 21, 22, 26, 26, 23, 23, 26, 22, 19, 23, 22, 23, 21, 21, 20, 20, 24, 23, 24, 20, 24, 20, 13, 20, 17, 18, 22, 17, 21, 23, 17, 24
Forage: 42, 49, 44, 40, 38, 37, 38, 34, 30, 31, 24, 32, 31, 27, 31, 25, 26, 23, 25, 26, 23, 32, 25, 21, 29, 19, 26, 23, 17, 26, 21, 25, 27, 22, 20, 24, 16, 26, 27, 32, 24, 23, 24, 16, 18, 20, 20, 16, 19, 24, 17, 17, 19, 22, 18
Forage: 45, 50, 45, 40, 38, 32, 39, 35, 28, 27, 35, 24, 32, 27, 27, 28, 25, 29, 29, 31, 30, 26, 19, 28, 24, 21, 22, 20, 23, 29, 22, 24, 26, 26, 22, 27, 24, 22, 17, 25, 15, 18, 15, 23, 22, 21, 20, 14, 20, 20, 19, 21, 18, 18, 19
Forage: 46, 43, 44, 35, 35, 38, 30, 32, 33, 32, 34, 26, 27, 28, 30, 30, 27, 24, 25, 29, 20, 28, 22, 27, 23, 23, 24, 20, 24, 17, 20, 26, 32, 26, 18, 17, 21, 25, 17, 24, 20, 16, 23, 14, 23, 18, 19, 22, 19, 19, 23, 20, 21, 15, 16, 14, 14, 11
Forage: 46, 52, 46, 51, 41, 30, 38, 36, 28, 34, 33, 27, 30, 27, 31, 25, 27, 33, 27, 24, 23, 22, 25, 22, 23, 28, 26, 19, 25, 21, 16, 21, 27, 20, 17, 19, 24, 18, 18, 18, 21, 18, 21, 24, 22, 19, 15, 20, 20, 18, 19, 18, 16, 16, 16, 16, 15
Forage: 44, 55, 39, 36, 42, 34, 40, 34, 32, 29, 38, 33, 31, 29, 29, 30, 29, 23, 22, 24, 27, 24, 27, 24, 29, 22, 28, 22, 26, 23, 26, 23, 28, 22, 23, 23, 18, 19, 25, 21, 22, 24, 16, 24, 19, 17, 14, 19, 18, 18, 18, 31, 22
Forage: 50, 45, 41, 44, 36, 35, 36, 32, 34, 29, 33, 31, 27, 30, 25, 27, 30, 29, 29, 25, 25, 26, 25, 22, 21, 24, 20, 24, 19, 23, 20, 19, 18, 21, 20, 20, 17, 22, 22, 22, 21, 16, 20, 22, 17, 13, 19, 20, 19, 29, 21, 26, 26, 21, 27
Forage: 44, 52, 38, 39, 38, 36, 30, 32, 28, 31, 29, 30, 34, 28, 38, 23, 31, 25, 25, 21, 25, 27, 25, 33, 20, 26, 23, 31, 24, 27, 24, 21, 27, 24, 36, 28, 28, 25, 22, 26, 20, 22, 17, 20, 18, 24, 15, 17, 13, 20, 14, 14, 19, 16
Forage: 46, 47, 47, 34, 36, 40, 32, 38, 35, 31, 32, 32, 31, 31, 34, 35, 25, 33, 21, 25, 28, 25, 28, 28, 29, 25, 22, 21, 25, 24, 23, 22, 27, 18, 16, 22, 23, 23, 18, 24, 24, 17, 14, 19, 17, 19, 19, 16, 25, 18, 21, 19, 12, 21, 9
Forage: 48, 49, 43, 40, 39, 36, 34, 31, 34, 32, 31, 29, 30, 28, 27, 30, 29, 29, 20, 32, 25, 24, 27, 22, 18, 24, 26, 30, 22, 27, 30, 19, 21, 15, 24, 25, 15, 23, 15, 21, 22, 21, 16, 18, 24, 23, 15, 19, 23, 19, 13, 20, 15, 17, 15, 15
Forage: 48, 47, 46, 44, 42, 33, 32, 38, 30, 36, 29, 28, 26, 30, 28, 23, 23, 28, 22, 30, 29, 20, 28, 23, 28, 29, 23, 23, 22, 22, 20, 22, 23, 22, 26, 29, 23, 26, 19, 17, 20, 16, 18, 24, 25, 21, 21, 17, 25, 26, 16, 21, 17, 18
Forage: 45, 46, 45, 42, 40, 37, 39, 29, 37, 29, 32, 26, 26, 28, 28, 28, 29, 25, 24, 25, 27, 21, 26, 22, 28, 19, 24, 23, 21, 29, 20, 25, 19, 23, 15, 22, 19, 21, 23, 22, 22, 21, 18, 16, 23, 21, 15, 17, 15, 16, 20, 12, 24, 14, 16, 10, 17, 16
Forage: 52, 45, 46, 44, 34, 37, 37, 31, 31, 36, 29, 33, 26, 27, 24, 33, 22, 32, 33, 25, 26, 27, 24, 25, 27, 22, 23, 28, 19, 31, 19, 20, 20, 23, 24, 16, 17, 23, 14, 21, 22, 24, 16, 24, 20, 16, 20, 19, 23, 17, 23, 22, 17, 22, 15
Forage: 45, 49, 42, 40, 40, 38, 38, 31, 32, 27, 35, 27, 29, 31, 26, 27, 32, 28, 28, 20, 33, 20, 28, 24, 26, 23, 22, 25, 20, 25, 18, 24, 20, 27, 20, 17, 21, 20, 22, 15, 22, 21, 20, 21, 24, 19, 20, 14, 19, 16, 20, 17, 18, 13, 22, 21
Forage: 46, 48, 42, 35, 47, 41, 36, 37, 31, 32, 29, 30, 30, 30, 30, 23, 27, 27, 23, 24, 30, 22, 25, 24, 28, 26, 26, 19, 22, 25, 17, 27, 23, 24, 17, 23, 21, 19, 16, 15, 24, 15, 25, 18, 21, 17, 19, 20, 18, 19, 15, 18, 17, 20, 16, 15, 15
Forage: 46, 48, 47, 40, 35, 37, 41, 32, 31, 33, 29, 26, 33, 25, 27, 27, 29, 27, 23, 26, 29, 23, 27, 21, 25, 28, 20, 24, 30, 26, 26, 30, 31, 23, 22, 32, 31, 20, 20, 20, 27, 29, 24, 22, 18, 21, 20, 19, 21, 14, 25, 18
Forage: 42, 51, 46, 38, 37, 41, 33, 30, 29, 33, 28, 36, 22, 33, 26, 34, 26, 26, 29, 25, 22, 24, 26, 28, 23, 23, 25, 20, 24, 28, 24, 26, 22, 21, 24, 20, 19, 21, 21, 25, 24, 22, 23, 16, 17, 20, 13, 21, 21, 16, 20, 17, 19, 18, 14, 18
Forage: 45, 53, 39, 42, 36, 39, 34, 35, 35, 31, 29, 23, 30, 29, 27, 29, 29, 26, 25, 29, 26, 26, 27, 24, 24, 25, 23, 27, 25, 25, 19, 23, 19, 21, 22, 21, 20, 17, 16, 19, 19, 22, 18, 18, 15, 19, 17, 17, 21, 13, 17, 20, 19, 17, 17, 19, 17
Forage: 45, 48, 47, 34, 40, 39, 29, 28, 35, 30, 33, 30, 24, 33, 26, 30, 25, 26, 33, 25, 28, 26, 23, 30, 22, 28, 39, 26, 23, 26, 19, 29, 25, 25, 24, 22, 25, 18, 17, 24, 18, 21, 20, 17, 18, 19, 22, 14, 24, 16, 15, 15, 22, 14
Forage: 44, 48, 45, 43, 37, 32, 40, 38, 30, 31, 33, 27, 27, 35, 25, 26, 28, 32, 26, 26, 24, 29, 26, 25, 23, 23, 22, 28, 21, 20, 23, 23, 22, 21, 26, 17, 22, 20, 25, 19, 18, 24, 23, 15, 19, 18, 22, 20, 19, 15, 14, 11, 19, 15, 19, 16, 13
Forage: 46, 49, 46, 38, 35, 37, 28, 33, 36, 37, 31, 30, 27, 35, 25, 27, 27, 25, 31, 26, 25, 22, 22, 22, 25, 19, 25, 22, 20, 21, 23, 14, 25, 21, 29, 20, 23, 18, 22, 23, 20, 24, 22, 19, 21, 21, 21, 19, 24, 26, 21, 21, 22, 17, 22
Forage: 47, 48, 44, 45, 35, 35, 37, 35, 28, 34, 33, 28, 33, 25, 31, 25, 29, 25, 27, 25, 26, 23, 23, 28, 33, 21, 28, 22, 22, 25, 25, 26, 26, 28, 20, 25, 20, 13, 22, 21, 21, 24, 18, 19, 16, 22, 21, 16, 22, 20, 20, 16, 13, 19, 14
Forage: 44, 49, 50, 36, 35, 36, 33, 37, 26, 30, 30, 34, 29, 25, 29, 28, 25, 24, 24, 25, 22, 24, 26, 31, 28, 24, 36, 18, 33, 27, 22, 23, 23, 18, 21, 19, 19, 22, 21, 13, 22, 16, 25, 19, 24, 19, 16, 19, 15, 11, 17, 16, 20, 18, 18, 16, 12
Forage: 48, 52, 45, 45, 36, 36, 32, 39, 37, 30, 25, 30, 32, 30, 26, 27, 27, 27, 25, 33, 23, 27, 21, 27, 23, 22, 23, 22, 25, 25, 20, 21, 20, 25, 25, 23, 19, 18, 23, 18, 23, 17, 20, 16, 17, 18, 19, 17, 14, 23, 23, 14, 20, 21, 14, 15
Forage: 45, 52, 40, 41, 37, 34, 35, 43, 31, 36, 29, 31, 27, 29, 23, 28, 29, 29, 27, 23, 24, 25, 24, 25, 26, 21, 25, 27, 27, 18, 21, 20, 25, 24, 20, 20, 19, 18, 26, 29, 19, 21, 14, 20, 22, 15, 20, 16, 19, 21, 17, 20, 18, 15, 17, 18
Forage: 45, 45, 43, 42, 38, 37, 34, 40, 31, 29, 34, 25, 26, 28, 32, 33, 28, 26, 27, 25, 25, 27, 24, 24, 28, 24, 21, 23, 23, 19, 18, 20, 25, 16, 21, 23, 22, 22, 24, 17, 27, 18, 18, 20, 19, 21, 24, 17, 19, 18, 13, 21, 15, 12, 19, 17, 14
Forage: 44, 50, 45, 42, 41, 36, 39, 36, 29, 32, 28, 31, 27, 28, 27, 28, 28, 28, 26, 28, 23, 20, 28, 27, 27, 23, 26, 24, 24, 24, 22, 26, 20, 24, 19, 21, 27, 22, 23, 22, 18, 21, 22, 22, 24, 29, 25, 27, 29, 19, 25, 19
Forage: 50, 46, 41, 37, 44, 38, 41, 31, 33, 34, 28, 34, 29, 30, 32, 28, 31, 27, 22, 26, 25, 25, 25, 23, 23, 20, 21, 18, 24, 25, 27, 22, 18, 20, 24, 24, 26, 19, 22, 26, 20, 20, 26, 23, 17, 21, 22, 23, 16, 18, 22, 21, 16, 20
Forage: 48, 49, 44, 45, 38, 37, 35, 31, 31, 28, 32, 29, 33, 29, 29, 27, 25, 27, 25, 26, 22, 26, 23, 32, 23, 27, 24, 24, 28, 18, 28, 20, 22, 26, 20, 19, 17, 19, 21, 23, 19, 21, 17, 22, 15, 21, 22, 20, 23, 22, 19, 28, 21, 20, 13
Forage: 49, 50, 41, 43, 37, 37, 31, 42, 31, 35, 33, 32, 31, 23, 27, 33, 27, 29, 27, 29, 25, 24, 17, 24, 22, 24, 26, 27, 16, 25, 24, 23, 24, 18, 22, 20, 20, 20, 21, 20, 20, 20, 16, 24, 20, 20, 20, 18, 18, 16, 17, 21, 19, 21, 15, 19
