Forage: 0, 0, 15, 14, 11, 10, 6, 12, 9, 11
Forage: 0, 0, 17, 14, 17, 12, 10, 13
Forage: 0, 0, 16, 12, 14, 11, 9, 13, 11
Forage: 0, 0, 13, 15, 14, 8, 14, 12, 7
Forage: 0, 0, 15, 14, 15, 15, 8, 12, 10
Forage: 0, 0, 13, 16, 12, 11, 13, 9, 8, 5
Forage: 0, 0, 13, 13, 16, 10, 12, 8, 8, 5
Forage: 0, 0, 13, 12, 18, 6, 7, 12, 4, 9
Forage: 0, 0, 13, 15, 12, 10, 13, 11, 8
Forage: 0, 0, 14, 14, 9, 12, 14, 9, 5, 6, 6
Forage: 0, 0, 14, 16, 15, 12, 13, 13
Forage: 0, 0, 15, 13, 15, 12, 10, 4, 15
Forage: 0, 0, 16, 14, 12, 12, 9, 8, 14
Forage: 0, 0, 11, 18, 11, 13, 13, 10, 9
Forage: 0, 0, 11, 13, 12, 9, 15, 12, 11, 6
Forage: 0, 0, 14, 11, 11, 12, 11, 12, 9, 9
Forage: 0, 0, 16, 13, 14, 17, 12, 8
Forage: 0, 0, 17, 14, 14, 12, 16, 11
Forage: 0, 0, 13, 14, 9, 14, 12, 11, 9
Forage: 0, 0, 14, 14, 15, 10, 15, 12
Forage: 0, 0, 14, 10, 14, 9, 10, 9, 12, 8
Forage: 0, 0, 15, 13, 13, 13, 10, 9, 10, 5
Forage: 0, 0, 13, 15, 11, 13, 13, 9, 9, 6
Forage: 0, 0, 13, 12, 14, 4, 12, 15, 7, 10
Forage: 0, 0, 16, 13, 13, 17, 9, 8, 8
Forage: 0, 0, 15, 13, 11, 12, 12, 13, 11
Forage: 2, 2, 14, 15, 12, 8, 10, 7, 12
Forage: 0, 0, 17, 14, 11, 10, 13, 10, 10
Forage: 0, 0, 14, 16, 8, 10, 14, 10, 8
Forage: 0, 0, 12, 18, 13, 10, 10, 10, 12
