Forage: 16, 18, 15, 13, 14, 16, 16, 12, 14, 10, 12, 13, 12, 11, 12, 11, 11, 10, 12, 10, 10, 9, 10, 10, 9, 9, 10, 8, 11, 7
Forage: 15, 16, 19, 16, 15, 15, 13, 15, 15, 13, 12, 11, 11, 12, 11, 13, 9, 8, 12, 10, 8, 10, 9, 10, 9, 10, 9, 11, 8, 10
Forage: 14, 17, 16, 15, 16, 14, 13, 13, 12, 13, 10, 11, 10, 12, 10, 13, 11, 11, 11, 9, 10, 11, 9, 11, 11, 8, 10, 9, 8, 6, 10
Forage: 17, 19, 19, 15, 15, 14, 14, 13, 11, 15, 13, 9, 10, 15, 8, 9, 10, 9, 10, 11, 8, 6, 10, 10, 5, 9, 9, 9, 7, 7, 6, 8, 5
Forage: 13, 20, 16, 14, 15, 13, 17, 10, 13, 11, 12, 16, 14, 11, 12, 9, 10, 13, 9, 11, 8, 9, 8, 9, 10, 9, 10, 9, 9, 8, 8
Forage: 15, 16, 15, 15, 15, 14, 11, 15, 13, 13, 12, 12, 12, 11, 11, 10, 11, 13, 10, 9, 11, 7, 13, 9, 10, 11, 8, 10, 6, 9, 9
Forage: 14, 18, 15, 17, 13, 14, 14, 11, 14, 13, 12, 11, 12, 11, 12, 10, 11, 10, 11, 8, 12, 9, 9, 9, 9, 12, 8, 10, 7, 9, 6
Forage: 14, 20, 20, 15, 14, 15, 13, 13, 14, 11, 13, 13, 11, 14, 10, 11, 12, 7, 11, 7, 12, 7, 11, 10, 8, 10, 10, 9, 10, 7
Forage: 15, 16, 18, 16, 15, 14, 13, 12, 11, 11, 11, 12, 12, 12, 12, 11, 11, 11, 11, 9, 11, 9, 9, 9, 10, 9, 10, 10, 9, 10, 7
Forage: 15, 18, 16, 16, 14, 15, 15, 14, 13, 11, 10, 12, 13, 12, 10, 11, 11, 10, 15, 12, 9, 11, 7, 8, 6, 11, 7, 8, 8, 8, 7
Forage: 16, 19, 16, 15, 15, 13, 15, 13, 13, 12, 11, 12, 11, 11, 10, 12, 11, 11, 10, 11, 8, 11, 8, 9, 12, 7, 9, 9, 7, 8, 9
Forage: 15, 17, 17, 18, 13, 13, 14, 13, 13, 13, 12, 16, 11, 12, 10, 12, 9, 11, 11, 9, 9, 10, 12, 8, 12, 9, 10, 7, 9, 9
Forage: 17, 17, 19, 15, 17, 15, 14, 11, 11, 13, 12, 13, 10, 12, 11, 12, 10, 10, 11, 10, 9, 11, 9, 8, 9, 10, 11, 12, 12, 7
Forage: 13, 17, 20, 14, 15, 16, 14, 16, 14, 12, 11, 11, 13, 12, 11, 11, 12, 9, 10, 10, 10, 11, 9, 9, 10, 10, 11, 10, 11
Forage: 13, 20, 17, 15, 15, 17, 14, 13, 18, 12, 13, 10, 12, 8, 10, 10, 11, 10, 9, 12, 9, 11, 9, 9, 9, 8, 9, 7, 11, 8, 9
Forage: 17, 17, 15, 16, 17, 14, 13, 12, 13, 13, 13, 12, 10, 12, 11, 12, 8, 13, 12, 11, 10, 9, 10, 9, 9, 8, 9, 8, 12, 9
Forage: 14, 20, 16, 16, 16, 15, 12, 13, 12, 14, 11, 11, 12, 11, 12, 9, 11, 9, 11, 10, 10, 12, 8, 8, 10, 8, 7, 9, 8, 9, 7
Forage: 17, 18, 12, 21, 12, 16, 16, 15, 13, 11, 12, 10, 10, 10, 11, 9, 14, 9, 9, 8, 10, 7, 10, 10, 9, 6, 9, 6, 10, 9, 6, 10
Forage: 17, 16, 14, 17, 14, 13, 15, 14, 11, 13, 14, 12, 10, 12, 11, 12, 10, 10, 10, 12, 10, 8, 9, 9, 8, 9, 10, 7, 10, 4, 7, 8
Forage: 14, 18, 16, 16, 17, 15, 14, 15, 12, 13, 11, 12, 14, 12, 10, 9, 12, 12, 11, 10, 9, 11, 12, 9, 10, 8, 10, 8, 11
Forage: 17, 16, 19, 15, 14, 14, 14, 15, 16, 13, 11, 12, 12, 11, 12, 9, 11, 10, 11, 8, 10, 10, 8, 11, 4, 10, 9, 7, 8, 7, 9
Forage: 16, 14, 18, 17, 15, 14, 14, 13, 11, 14, 13, 11, 12, 12, 11, 12, 11, 11, 9, 10, 10, 9, 11, 8, 11, 9, 8, 10, 8, 9
Forage: 16, 17, 16, 15, 14, 15, 13, 14, 13, 12, 13, 12, 12, 11, 12, 12, 10, 10, 12, 9, 8, 9, 9, 8, 9, 10, 7, 10, 9, 7, 7
Forage: 16, 16, 16, 16, 16, 16, 15, 13, 14, 12, 13, 14, 11, 12, 11, 11, 11, 10, 11, 9, 10, 11, 9, 8, 11, 8, 11, 9, 8, 10
Forage: 15, 16, 18, 16, 15, 13, 12, 14, 14, 14, 11, 11, 14, 11, 10, 10, 10, 11, 11, 10, 8, 10, 9, 11, 9, 9, 8, 8, 9, 9, 9
Forage: 15, 15, 17, 14, 13, 17, 12, 12, 13, 13, 13, 13, 8, 15, 9, 12, 9, 12, 11, 10, 10, 8, 10, 9, 11, 9, 10, 9, 8, 9, 8
Forage: 16, 20, 16, 13, 16, 15, 15, 8, 4, 10, 13, 14, 12, 12, 11, 11, 13, 11, 11, 8, 11, 12, 9, 9, 11, 6, 10, 7, 9, 7, 8, 8
Forage: 16, 17, 15, 14, 14, 12, 11, 15, 12, 13, 14, 12, 11, 12, 12, 10, 10, 11, 9, 12, 9, 9, 12, 11, 9, 8, 8, 10, 10, 9, 10
Forage: 16, 19, 19, 14, 17, 14, 12, 15, 10, 11, 12, 12, 11, 11, 9, 10, 10, 14, 10, 10, 9, 10, 10, 9, 10, 8, 8, 8, 6, 8, 10, 5
Forage: 15, 19, 16, 19, 16, 15, 13, 14, 10, 14, 13, 11, 10, 10, 11, 11, 11, 12, 8, 12, 10, 8, 11, 9, 8, 11, 9, 9, 7, 9, 7
