Forage: 14, 18, 13, 16, 15, 13, 15, 11, 11, 10, 13, 9, 10, 11, 10, 12, 8, 12, 10, 9, 7, 7, 11, 12, 10, 5, 8, 6, 7, 8, 6, 5, 10, 8, 8
Forage: 9, 13, 12, 8, 12, 17, 14, 11, 12, 8, 11, 12, 11, 16, 12, 8, 12, 6, 13, 5, 14, 8, 8, 12, 11, 9, 8, 11, 12, 8, 9, 6, 14, 6
Forage: 14, 15, 13, 15, 17, 12, 16, 14, 11, 11, 9, 9, 10, 12, 13, 9, 7, 11, 11, 13, 10, 7, 9, 6, 14, 8, 6, 7, 8, 11, 7, 8, 6, 5
Forage: 13, 18, 12, 12, 13, 14, 13, 13, 10, 12, 10, 9, 12, 10, 8, 9, 8, 9, 10, 9, 12, 7, 14, 11, 10, 10, 5, 8, 9, 7, 10, 7, 8, 9
Forage: 14, 17, 8, 14, 12, 16, 13, 13, 14, 13, 9, 12, 9, 9, 13, 9, 8, 9, 10, 12, 12, 6, 12, 9, 12, 9, 6, 6, 6, 6, 9, 5, 4, 9, 8, 2
Forage: 11, 16, 15, 13, 12, 11, 12, 11, 14, 13, 14, 9, 11, 11, 14, 10, 5, 15, 12, 8, 11, 11, 9, 8, 8, 5, 10, 10, 9, 4, 9, 4, 6, 6, 8
Forage: 14, 14, 18, 16, 14, 11, 13, 13, 11, 11, 9, 11, 10, 8, 8, 9, 10, 8, 8, 11, 9, 10, 12, 7, 12, 14, 5, 11, 7, 9, 8, 11, 9, 7
Forage: 11, 14, 12, 13, 14, 17, 12, 16, 15, 13, 12, 12, 13, 13, 12, 16, 13, 7, 11, 10, 12, 11, 15, 8, 10, 7, 7, 10, 6, 12
Forage: 13, 14, 13, 13, 15, 10, 13, 12, 12, 12, 5, 16, 15, 9, 12, 13, 8, 9, 11, 12, 8, 12, 7, 6, 14, 9, 8, 7, 9, 11, 10, 13, 4
Forage: 13, 15, 10, 14, 13, 14, 11, 10, 11, 11, 15, 10, 10, 15, 14, 10, 9, 13, 9, 10, 6, 14, 5, 9, 9, 9, 9, 13, 9, 7, 16, 4, 3
Forage: 12, 15, 13, 14, 13, 17, 13, 13, 10, 8, 10, 12, 9, 12, 11, 12, 11, 8, 12, 10, 9, 8, 11, 12, 8, 8, 7, 10, 5, 9, 6, 7, 11, 8, 4
Forage: 12, 14, 14, 10, 11, 10, 13, 12, 14, 17, 10, 9, 13, 12, 9, 13, 9, 14, 15, 6, 10, 9, 9, 12, 5, 10, 7, 6, 4, 9, 6, 10, 12, 7
Forage: 15, 17, 14, 14, 11, 15, 12, 14, 10, 11, 11, 13, 12, 10, 10, 12, 12, 14, 8, 10, 10, 6, 9, 7, 10, 9, 5, 8, 9, 8, 6, 10, 5, 5, 5
Forage: 14, 15, 11, 12, 13, 15, 17, 14, 12, 13, 14, 11, 15, 9, 10, 9, 9, 8, 10, 11, 7, 14, 8, 11, 7, 13, 10, 9, 6, 10, 8, 8
Forage: 13, 13, 12, 13, 19, 10, 13, 10, 13, 9, 10, 12, 5, 8, 11, 10, 10, 13, 11, 12, 12, 9, 5, 8, 8, 14, 9, 8, 8, 9, 7, 6, 8, 6, 6
Forage: 12, 16, 16, 13, 15, 14, 12, 10, 14, 16, 11, 9, 11, 13, 14, 10, 15, 7, 10, 11, 8, 9, 5, 7, 7, 6, 8, 8, 6, 9, 10, 9, 9, 5
Forage: 11, 14, 19, 14, 14, 13, 11, 12, 12, 13, 10, 14, 13, 10, 12, 13, 12, 8, 11, 9, 11, 9, 9, 10, 6, 9, 10, 7, 3, 11, 8, 7, 7
Forage: 11, 21, 11, 17, 10, 12, 14, 15, 13, 14, 12, 13, 12, 9, 14, 12, 15, 8, 10, 7, 8, 11, 10, 12, 7, 7, 6, 11, 5, 3, 2, 6, 4, 8
Forage: 11, 14, 17, 12, 13, 16, 11, 12, 13, 12, 13, 13, 12, 10, 14, 11, 8, 11, 8, 13, 8, 11, 12, 13, 8, 12, 8, 6, 7, 7, 6, 3, 8
Forage: 14, 13, 17, 14, 15, 15, 12, 12, 14, 14, 7, 12, 8, 11, 12, 6, 9, 11, 12, 12, 10, 12, 7, 10, 12, 9, 8, 10, 9, 7, 8, 6, 9
Forage: 14, 15, 14, 10, 15, 12, 13, 14, 11, 13, 11, 9, 9, 12, 13, 14, 7, 12, 9, 10, 9, 9, 11, 8, 10, 9, 14, 8, 11, 12, 11
Forage: 12, 16, 14, 11, 10, 15, 14, 12, 12, 11, 11, 8, 11, 13, 11, 12, 14, 11, 16, 8, 11, 9, 7, 8, 7, 11, 4, 9, 7, 7, 5, 9, 8, 6, 6
Forage: 11, 17, 14, 13, 13, 15, 15, 15, 11, 16, 11, 12, 6, 14, 10, 10, 9, 11, 11, 10, 10, 5, 11, 9, 8, 7, 9, 6, 10, 7, 8, 6, 5, 5
Forage: 14, 13, 13, 16, 14, 13, 11, 10, 12, 9, 8, 12, 11, 10, 9, 10, 9, 6, 12, 8, 11, 11, 11, 11, 9, 10, 15, 7, 9, 5, 3, 6, 11, 6, 11
Forage: 10, 17, 11, 15, 12, 15, 12, 11, 15, 13, 12, 8, 11, 10, 9, 10, 11, 10, 6, 12, 11, 9, 11, 8, 10, 9, 5, 11, 8, 9, 7, 9, 6, 10
Forage: 14, 14, 17, 12, 14, 16, 10, 12, 12, 12, 11, 11, 11, 10, 12, 12, 12, 13, 10, 11, 12, 12, 11, 6, 7, 11, 4, 10, 7, 9, 6, 7, 7
Forage: 15, 14, 13, 13, 13, 13, 12, 9, 11, 14, 12, 10, 11, 8, 8, 12, 11, 8, 11, 12, 12, 13, 12, 11, 10, 9, 12, 7, 6, 5, 8, 8, 11
Forage: 14, 15, 14, 15, 15, 15, 12, 10, 13, 12, 11, 12, 12, 12, 10, 11, 9, 7, 11, 10, 11, 8, 8, 10, 8, 6, 9, 8, 12, 8, 8, 12, 5
Forage: 16, 12, 12, 18, 12, 15, 13, 11, 11, 11, 10, 10, 12, 10, 11, 10, 12, 13, 11, 9, 9, 8, 8, 9, 8, 9, 11, 7, 9, 6, 6, 11, 8
Forage: 15, 16, 13, 15, 13, 11, 10, 17, 8, 14, 10, 11, 9, 12, 11, 9, 10, 9, 10, 13, 8, 9, 8, 6, 8, 8, 12, 7, 9, 9, 10, 10, 10, 6
