Forage: 4, 8, 15, 13, 22, 17, 17, 20, 14, 24, 17, 18, 11
Forage: 6, 7, 13, 11, 18, 22, 19, 21, 21, 22, 19, 14
Forage: 8, 12, 14, 19, 11, 16, 20, 18, 15, 16, 17, 17, 17
Forage: 6, 6, 9, 18, 16, 21, 22, 22, 20, 17, 19, 16
Forage: 5, 11, 18, 12, 19, 16, 22, 20, 18, 25, 19, 18
Forage: 12, 9, 15, 7, 9, 10, 19, 24, 22, 21, 21, 20, 11
Forage: 6, 8, 17, 17, 10, 11, 13, 15, 14, 12, 9, 10, 5, 11, 15
Forage: 0, 3, 12, 16, 20, 20, 18, 21, 25, 24, 26, 18
Forage: 3, 7, 7, 16, 17, 17, 23, 22, 22, 25, 21, 11, 8
Forage: 10, 17, 21, 19, 17, 19, 23, 25, 21, 18
Forage: 8, 11, 23, 19, 21, 16, 19, 21, 20, 12, 10, 7, 12
Forage: 5, 10, 15, 15, 14, 17, 12, 15, 17, 17, 13, 12, 18, 12, 11
Forage: 9, 18, 20, 18, 20, 21, 20, 18, 21, 18, 13
Forage: 9, 8, 14, 22, 18, 14, 19, 24, 20, 15, 16, 13
Forage: 7, 9, 10, 16, 21, 16, 16, 19, 20, 13, 14, 13, 19
Forage: 7, 7, 11, 10, 10, 14, 15, 18, 5, 10, 10, 10, 12, 18, 19
Forage: 5, 8, 22, 21, 20, 20, 16, 16, 12, 11, 11, 14, 15
Forage: 9, 13, 17, 15, 20, 15, 17, 23, 22, 16, 16, 6, 10
Forage: 7, 12, 19, 13, 15, 14, 15, 9, 20, 20, 16, 20, 22
Forage: 8, 11, 14, 24, 24, 20, 16, 16, 13, 19, 14, 10, 11
Forage: 7, 18, 19, 19, 22, 21, 22, 18, 20, 20, 11
Forage: 7, 9, 15, 15, 17, 17, 18, 16, 18, 18, 18, 23
Forage: 11, 13, 14, 17, 17, 19, 15, 19, 18, 16, 18, 12, 9
Forage: 2, 8, 11, 17, 14, 20, 18, 20, 18, 16, 12, 15, 12, 9, 10
Forage: 13, 16, 17, 17, 15, 14, 15, 13, 17, 16, 19, 18
Forage: 7, 17, 15, 16, 22, 20, 19, 22, 19, 18, 11, 15
Forage: 4, 7, 14, 19, 24, 23, 22, 24, 20, 20, 15
Forage: 7, 12, 17, 17, 19, 13, 10, 15, 8, 12, 17, 13, 10, 16, 15
Forage: 7, 14, 23, 17, 14, 20, 20, 14, 24, 20, 20
Forage: 5, 9, 13, 14, 11, 18, 16, 15, 14, 13, 14, 19, 19, 13
Forage: 9, 10, 12, 15, 13, 21, 17, 21, 18, 18, 13, 15, 15
Forage: 2, 8, 14, 14, 11, 17, 22, 20, 24, 18, 18, 14, 22
Forage: 5, 8, 12, 12, 16, 13, 17, 18, 18, 17, 19, 19, 20
Forage: 4, 9, 12, 16, 13, 18, 19, 19, 13, 15, 8, 5, 10, 4, 13
Forage: 9, 11, 23, 19, 20, 21, 19, 24, 23, 17
Forage: 3, 14, 21, 28, 24, 22, 22, 25, 22, 20
Forage: 8, 12, 15, 18, 17, 21, 21, 23, 16, 15, 16, 12
Forage: 6, 15, 12, 13, 17, 17, 24, 28, 17, 23, 23
Forage: 5, 6, 9, 13, 13, 21, 21, 18, 22, 22, 20, 21
Forage: 8, 8, 11, 15, 15, 20, 19, 19, 22, 20, 21, 19
Forage: 6, 14, 15, 14, 15, 17, 9, 13, 14, 16, 16, 10, 11, 12, 18
Forage: 7, 10, 11, 18, 16, 23, 22, 19, 21, 23, 13, 15
Forage: 16, 20, 23, 17, 20, 18, 22, 23, 15, 15, 15
Forage: 9, 14, 15, 19, 22, 19, 18, 19, 14, 18, 17, 19
Forage: 2, 5, 15, 17, 16, 17, 17, 17, 16, 20, 19, 14, 20, 9
Forage: 7, 8, 10, 14, 23, 17, 22, 16, 16, 20, 16, 18, 17
Forage: 6, 15, 15, 19, 19, 17, 17, 14, 11, 13, 17, 13, 15
Forage: 4, 6, 12, 19, 18, 19, 27, 21, 22, 19, 16, 14
Forage: 6, 8, 17, 16, 17, 13, 15, 17, 14, 13, 14, 8, 12, 12, 9
Forage: 9, 12, 12, 14, 16, 18, 15, 23, 13, 14, 15, 18, 19
