Forage: 0, 3, 3, 10, 19, 16, 15, 17, 19, 15, 13, 14, 9, 11, 11
Forage: 0, 2, 6, 14, 14, 19, 22, 22, 23, 16, 12, 16, 19, 12
Forage: 5, 8, 10, 5, 10, 12, 11, 11, 12, 16, 13, 15, 14, 13, 13
Forage: 1, 3, 11, 12, 9, 14, 15, 14, 16, 15, 19, 18, 13, 10, 13
Forage: 1, 3, 6, 12, 19, 17, 14, 20, 17, 14, 13, 11, 13, 13, 8
Forage: 0, 5, 7, 9, 11, 15, 19, 19, 23, 15, 25, 22, 28
Forage: 1, 4, 10, 11, 13, 10, 14, 13, 16, 16, 21, 7, 14, 12, 11
Forage: 0, 0, 3, 4, 9, 13, 18, 19, 17, 12, 15, 11, 15, 15, 12
Forage: 0, 5, 4, 11, 14, 12, 13, 11, 11, 15, 10, 15, 11, 14, 12
Forage: 1, 7, 9, 13, 9, 9, 12, 16, 14, 13, 12, 13, 14, 14, 14
Forage: 5, 5, 8, 12, 9, 18, 18, 14, 14, 19, 13, 16, 16, 12, 12
Forage: 0, 7, 7, 10, 18, 16, 20, 19, 18, 18, 19, 22, 17
Forage: 11, 13, 10, 17, 17, 22, 18, 18, 15, 18, 15, 15
Forage: 1, 2, 9, 13, 14, 12, 13, 16, 16, 17, 15, 10, 13, 10, 10
Forage: 4, 6, 7, 15, 15, 18, 23, 18, 13, 12, 14, 13, 13, 13, 8
Forage: 0, 6, 9, 18, 17, 22, 19, 21, 14, 25, 19, 25
Forage: 4, 4, 6, 7, 12, 9, 14, 13, 13, 16, 10, 13, 20, 9, 13
Forage: 3, 5, 8, 10, 11, 13, 12, 15, 18, 15, 16, 11, 12, 16, 13
Forage: 0, 1, 5, 8, 10, 11, 8, 10, 13, 12, 15, 15, 16, 17, 10
Forage: 10, 12, 12, 10, 15, 19, 18, 16, 13, 8, 9, 7, 8, 11, 6
Forage: 12, 11, 14, 14, 14, 15, 19, 21, 17, 20, 17, 13, 13
Forage: 1, 5, 7, 13, 14, 13, 15, 19, 14, 15, 19, 18, 10, 15, 11
Forage: 2, 5, 5, 14, 9, 7, 12, 12, 12, 9, 12, 11, 11, 11, 12
Forage: 9, 14, 11, 13, 9, 8, 14, 11, 17, 13, 12, 15, 13, 16, 18
Forage: 1, 8, 12, 15, 18, 22, 21, 17, 16, 16, 14, 17, 7, 6, 11
Forage: 0, 3, 6, 6, 6, 11, 12, 22, 19, 14, 14, 18, 17, 18, 24
Forage: 2, 4, 4, 7, 15, 17, 17, 18, 19, 18, 17, 13, 19, 13, 12
Forage: 4, 4, 9, 13, 14, 20, 20, 20, 23, 19, 15, 16, 8, 15
Forage: 0, 3, 4, 6, 8, 9, 15, 18, 19, 17, 16, 7, 0, 16, 14
Forage: 0, 1, 5, 5, 8, 14, 12, 14, 11, 11, 15, 15, 20, 17, 19
Forage: 0, 4, 9, 13, 12, 23, 17, 23, 17, 17, 14, 15, 20, 16
Forage: 2, 8, 10, 14, 10, 9, 18, 11, 16, 9, 11, 13, 15, 12, 13
Forage: 1, 7, 11, 13, 15, 20, 22, 25, 19, 15, 17, 15, 15
Forage: 0, 4, 6, 13, 16, 15, 15, 14, 20, 7, 17, 18, 24, 18, 15
Forage: 5, 9, 7, 9, 13, 14, 17, 17, 12, 11, 17, 12, 14, 12, 24
Forage: 3, 7, 9, 11, 9, 11, 13, 15, 12, 14, 15, 17, 16, 10, 9
Forage: 0, 4, 5, 10, 15, 15, 17, 11, 10, 15, 11, 13, 14, 11, 9
Forage: 3, 5, 8, 9, 14, 16, 12, 14, 13, 18, 16, 15, 13, 16, 20
Forage: 7, 18, 15, 16, 16, 18, 19, 21, 22, 16, 17
Forage: 0, 1, 3, 6, 8, 12, 14, 15, 16, 19, 20, 25, 21, 22, 20
Forage: 5, 10, 13, 19, 17, 17, 12, 13, 16, 15, 16, 17, 11, 14
Forage: 5, 8, 10, 15, 13, 14, 20, 20, 19, 11, 15, 18, 13, 13, 8
Forage: 3, 5, 7, 9, 12, 13, 12, 18, 23, 20, 21, 17, 17, 14
Forage: 1, 2, 8, 10, 12, 9, 14, 16, 17, 13, 14, 11, 13, 16, 14
Forage: 1, 3, 3, 8, 13, 10, 14, 12, 17, 14, 14, 10, 9, 12, 12
Forage: 0, 2, 1, 4, 12, 17, 12, 11, 13, 15, 16, 12, 20, 14, 9
Forage: 6, 8, 8, 13, 8, 12, 13, 15, 22, 18, 21, 18, 18, 14
Forage: 1, 3, 8, 9, 10, 10, 13, 17, 17, 20, 17, 18, 19, 17, 13
Forage: 0, 2, 11, 12, 12, 19, 13, 15, 12, 12, 16, 18, 15, 13, 15
Forage: 10, 15, 12, 14, 10, 15, 16, 11, 17, 8, 10, 15, 15, 15, 14
