Forage: 34, 35, 32, 29, 27, 27, 22, 20, 20, 18, 20, 18, 9, 22, 14
Forage: 38, 38, 31, 29, 25, 24, 25, 22, 23, 17, 19, 22, 17, 15
Forage: 35, 40, 30, 34, 25, 26, 25, 24, 18, 20, 20, 23, 17
Forage: 33, 36, 31, 28, 28, 21, 26, 27, 24, 17, 20, 20, 17, 13, 17
Forage: 34, 33, 34, 29, 29, 21, 29, 23, 25, 21, 19, 22, 16, 20
Forage: 37, 32, 32, 27, 26, 25, 23, 21, 18, 17, 20, 14, 15, 15, 15, 11
Forage: 32, 31, 34, 32, 23, 31, 20, 21, 27, 25, 21, 17, 26
Forage: 27, 40, 29, 32, 25, 24, 28, 21, 22, 24, 24, 24, 28
Forage: 33, 33, 36, 27, 30, 30, 26, 23, 22, 23, 26, 15, 19
Forage: 34, 38, 33, 31, 25, 24, 25, 23, 21, 24, 16, 17, 15, 18, 14
Forage: 31, 35, 35, 28, 25, 29, 26, 24, 21, 18, 18, 13, 21, 17
Forage: 34, 40, 38, 29, 20, 11, 16, 11, 21, 18, 18, 21, 22, 13, 13, 10, 13
Forage: 25, 35, 35, 26, 30, 27, 24, 27, 21, 15, 15, 17, 14, 17, 18
Forage: 32, 34, 30, 31, 28, 28, 22, 20, 16, 26, 20, 17, 18, 14, 19
Forage: 28, 39, 30, 30, 25, 23, 26, 26, 22, 25, 21, 21, 25
Forage: 34, 39, 32, 27, 28, 23, 26, 21, 23, 18, 20, 19, 10, 17, 15
Forage: 37, 36, 27, 31, 30, 23, 23, 23, 24, 22, 22, 18, 15, 20
Forage: 33, 34, 32, 33, 24, 28, 22, 21, 27, 23, 23, 13, 20, 18
Forage: 35, 37, 31, 24, 27, 31, 22, 23, 20, 15, 19, 20, 17, 12, 14
Forage: 34, 36, 29, 27, 28, 20, 23, 27, 20, 20, 19, 18, 17, 19, 15
Forage: 36, 39, 32, 32, 27, 26, 28, 25, 18, 23, 24, 15, 16
Forage: 36, 32, 35, 30, 26, 30, 19, 25, 23, 18, 20, 16, 16, 15, 16
Forage: 34, 36, 37, 27, 26, 27, 27, 19, 23, 21, 19, 20, 19, 18
Forage: 31, 38, 30, 30, 32, 28, 20, 25, 19, 20, 22, 16, 14, 19
Forage: 33, 31, 28, 26, 29, 30, 23, 20, 20, 21, 19, 15, 13, 19, 16, 14
Forage: 37, 35, 34, 29, 25, 26, 23, 26, 21, 20, 20, 14, 16, 23
Forage: 32, 39, 33, 28, 26, 32, 22, 22, 27, 21, 20, 16, 24
Forage: 35, 40, 30, 30, 25, 24, 20, 20, 23, 22, 18, 17, 27, 22
Forage: 33, 32, 34, 31, 29, 24, 27, 22, 22, 18, 23, 16, 18, 19
Forage: 36, 30, 34, 29, 29, 27, 26, 25, 18, 20, 18, 12, 14, 13, 14
