Forage: 22, 28, 19, 23, 20, 14, 19, 16, 19, 18, 15, 13, 13, 11, 14, 14, 10, 13, 10, 12, 10, 8, 9
Forage: 24, 27, 25, 21, 19, 17, 18, 18, 16, 16, 10, 15, 11, 10, 11, 12, 14, 12, 14, 9, 9, 11, 12, 5
Forage: 21, 27, 21, 23, 22, 16, 18, 14, 17, 14, 15, 11, 12, 13, 15, 15, 13, 12, 11, 16, 16, 12
Forage: 25, 21, 21, 21, 20, 20, 17, 18, 16, 18, 16, 17, 14, 9, 13, 17, 14, 20, 14, 19
Forage: 23, 25, 22, 23, 19, 16, 20, 18, 16, 18, 14, 14, 13, 16, 10, 13, 16, 12, 12, 11, 18
Forage: 26, 22, 22, 19, 19, 20, 18, 14, 16, 16, 12, 12, 15, 12, 16, 12, 10, 11, 9, 10, 9, 12, 5, 13, 6
Forage: 21, 24, 21, 19, 22, 17, 17, 20, 17, 14, 20, 20, 17, 12, 16, 9, 15, 13, 10, 11, 5, 6
Forage: 24, 27, 23, 18, 19, 20, 16, 18, 18, 13, 21, 23, 13, 10, 13, 9, 13, 7, 10, 14, 8, 10, 9
Forage: 24, 21, 23, 20, 23, 17, 18, 17, 21, 15, 17, 10, 13, 13, 12, 9, 11, 10, 16, 15, 9, 10
Forage: 25, 28, 23, 23, 17, 24, 11, 22, 13, 15, 13, 13, 14, 11, 17, 13, 12, 12, 11, 8, 8, 8, 9
Forage: 24, 24, 24, 20, 15, 18, 17, 19, 13, 15, 13, 11, 14, 11, 12, 12, 15, 9, 16, 12, 16, 10, 15
Forage: 19, 24, 22, 17, 21, 16, 19, 18, 17, 13, 14, 12, 12, 11, 13, 19, 21, 14, 15, 15, 17
Forage: 25, 24, 26, 20, 21, 21, 15, 15, 14, 17, 15, 16, 11, 13, 21, 14, 15, 9, 9, 15, 10, 10
Forage: 22, 24, 21, 21, 23, 18, 14, 14, 17, 16, 21, 17, 13, 14, 12, 13, 12, 11, 11, 14, 11, 11
Forage: 20, 24, 23, 23, 19, 19, 23, 17, 15, 16, 12, 17, 17, 21, 16, 15, 8, 14, 15, 19
Forage: 21, 23, 27, 14, 21, 20, 14, 14, 18, 15, 15, 16, 14, 17, 8, 15, 14, 18, 17, 18, 15
Forage: 18, 25, 28, 21, 26, 14, 22, 12, 19, 15, 15, 16, 15, 12, 11, 12, 16, 20, 19, 15
Forage: 23, 20, 24, 22, 20, 16, 17, 19, 17, 13, 16, 15, 16, 15, 11, 13, 15, 12, 14, 10, 11, 13
Forage: 25, 28, 15, 20, 18, 18, 17, 16, 13, 19, 14, 14, 13, 15, 20, 15, 11, 15, 11, 12, 9, 9
Forage: 24, 22, 18, 19, 17, 19, 20, 18, 15, 15, 17, 17, 18, 10, 14, 17, 15, 17, 16, 17, 12
Forage: 20, 25, 22, 18, 19, 18, 15, 19, 14, 9, 16, 10, 15, 10, 12, 12, 12, 14, 11, 14, 18, 13, 15
Forage: 23, 26, 22, 23, 18, 18, 17, 13, 21, 15, 16, 14, 19, 12, 11, 9, 17, 10, 14, 16, 9
Forage: 24, 27, 22, 21, 14, 19, 17, 18, 11, 13, 16, 13, 14, 13, 10, 15, 8, 9, 11, 10, 9, 15, 14, 10
Forage: 27, 24, 25, 20, 19, 18, 18, 14, 14, 19, 14, 14, 14, 14, 15, 12, 14, 13, 15, 17, 9
Forage: 26, 24, 24, 20, 22, 15, 20, 19, 15, 15, 15, 12, 12, 10, 11, 11, 14, 11, 10, 13, 11, 5, 13
Forage: 22, 24, 25, 25, 20, 19, 13, 17, 20, 18, 16, 12, 17, 13, 14, 13, 17, 12, 13, 13, 14
Forage: 25, 24, 22, 20, 21, 18, 13, 19, 10, 19, 14, 14, 15, 13, 8, 11, 16, 19, 19, 18, 16
Forage: 23, 25, 22, 21, 20, 19, 19, 15, 15, 15, 15, 21, 19, 15, 12, 13, 11, 14, 10, 9, 14
Forage: 23, 24, 23, 16, 21, 19, 18, 20, 16, 14, 16, 13, 15, 14, 10, 10, 8, 14, 14, 12, 13, 15
Forage: 20, 28, 26, 20, 18, 19, 20, 16, 18, 15, 20, 12, 16, 15, 11, 10, 16, 11, 10, 8, 7, 8, 9
