Forage: 26, 29, 30, 26, 25, 19, 15, 22, 16, 16, 16, 18, 16, 16, 13, 20, 13, 16
Forage: 28, 31, 25, 22, 25, 22, 22, 23, 17, 23, 19, 14, 15, 15, 15, 17, 19
Forage: 29, 29, 28, 25, 25, 21, 20, 18, 22, 19, 17, 17, 16, 17, 20, 16
Forage: 26, 32, 23, 26, 20, 28, 22, 15, 20, 15, 17, 16, 15, 14, 15, 17, 23
Forage: 27, 32, 27, 28, 25, 24, 25, 16, 23, 15, 24, 18, 17, 14, 19, 15
Forage: 28, 29, 30, 21, 27, 18, 21, 16, 15, 21, 15, 16, 13, 14, 14, 14, 14, 16
Forage: 27, 27, 24, 25, 23, 24, 20, 18, 21, 18, 20, 17, 14, 15, 13, 11, 10, 18
Forage: 27, 30, 27, 26, 23, 19, 19, 20, 18, 20, 16, 19, 17, 15, 15, 11, 16, 5, 15
Forage: 32, 31, 32, 22, 23, 24, 21, 18, 19, 23, 21, 17, 14, 12, 14, 16, 14
Forage: 30, 30, 29, 23, 24, 21, 23, 17, 19, 16, 19, 19, 21, 13, 11, 22, 12
Forage: 28, 31, 27, 24, 19, 26, 23, 18, 17, 16, 16, 20, 14, 15, 13, 16, 19
Forage: 32, 32, 24, 25, 23, 23, 17, 20, 18, 15, 18, 16, 17, 19, 15, 15, 16
Forage: 31, 29, 30, 24, 21, 25, 18, 16, 24, 15, 17, 17, 19, 14, 19, 18, 18
Forage: 26, 34, 33, 23, 23, 22, 22, 22, 18, 19, 18, 18, 14, 12, 14, 13, 18
Forage: 26, 31, 24, 27, 23, 20, 20, 22, 13, 20, 14, 16, 16, 14, 15, 20, 18, 18
Forage: 27, 28, 26, 28, 24, 24, 18, 21, 25, 14, 18, 15, 18, 16, 20, 15, 14
Forage: 24, 31, 25, 28, 20, 22, 22, 23, 18, 24, 17, 18, 16, 17, 15, 15, 10, 10
Forage: 21, 36, 26, 23, 23, 22, 14, 23, 20, 19, 18, 20, 17, 16, 13, 11, 23
Forage: 26, 33, 28, 28, 20, 23, 22, 18, 16, 19, 18, 19, 15, 15, 13, 11, 13, 10
Forage: 32, 31, 23, 27, 21, 22, 23, 21, 21, 15, 18, 18, 16, 17, 16, 12, 11, 13
Forage: 30, 32, 25, 26, 22, 21, 23, 19, 18, 17, 18, 20, 20, 16, 10, 14, 13, 9
Forage: 29, 33, 28, 20, 25, 22, 22, 18, 25, 19, 15, 21, 16, 12, 17, 17
Forage: 27, 31, 30, 22, 24, 19, 22, 19, 17, 13, 19, 16, 14, 19, 25, 18, 17
Forage: 32, 30, 30, 26, 20, 28, 24, 18, 18, 22, 19, 17, 15, 15, 16, 14, 13
Forage: 29, 31, 24, 23, 23, 24, 15, 21, 19, 18, 18, 15, 23, 13, 14, 15, 15, 12
Forage: 32, 30, 24, 26, 23, 23, 19, 15, 18, 17, 25, 20, 12, 14, 10, 12, 14, 10, 9
Forage: 28, 32, 27, 23, 21, 23, 23, 19, 20, 21, 14, 20, 16, 24, 19, 24
Forage: 26, 26, 27, 28, 28, 18, 19, 22, 12, 24, 18, 14, 14, 15, 13, 15, 16, 12
Forage: 32, 28, 26, 28, 25, 23, 16, 21, 22, 19, 14, 19, 14, 12, 16, 12, 12, 13
Forage: 27, 35, 26, 19, 24, 21, 21, 23, 19, 16, 22, 16, 19, 15, 19, 16, 16
