Forage: 38, 45, 37, 30, 32, 28, 26, 23, 21, 24, 23, 26
Forage: 39, 37, 40, 29, 29, 31, 24, 29, 30, 25, 31
Forage: 39, 36, 35, 29, 30, 27, 29, 26, 31, 25, 28, 23
Forage: 36, 46, 38, 36, 28, 30, 27, 25, 18, 24, 19, 21
Forage: 34, 40, 34, 31, 33, 23, 26, 29, 21, 17, 20, 21, 19
Forage: 40, 41, 37, 31, 35, 24, 23, 27, 22, 21, 20, 17, 17
Forage: 36, 43, 37, 36, 28, 27, 24, 26, 25, 29, 20, 17
Forage: 39, 40, 37, 36, 27, 30, 27, 21, 19, 22, 18, 22
Forage: 36, 39, 33, 36, 30, 26, 28, 26, 23, 28, 19, 18
Forage: 37, 38, 35, 34, 33, 29, 23, 27, 19, 26, 25, 22
Forage: 35, 45, 35, 34, 30, 27, 27, 27, 15, 30, 24, 17
Forage: 40, 43, 35, 28, 29, 32, 26, 22, 29, 25, 22, 22
Forage: 39, 43, 36, 33, 30, 29, 27, 23, 25, 25, 18, 19
Forage: 36, 40, 38, 33, 35, 26, 24, 25, 21, 21, 18, 18, 17
Forage: 36, 44, 36, 30, 32, 26, 25, 28, 24, 24, 20, 20
Forage: 42, 41, 38, 32, 30, 26, 32, 20, 31, 28, 37
Forage: 37, 43, 39, 29, 37, 30, 26, 26, 24, 25, 24
Forage: 31, 47, 36, 30, 29, 31, 29, 24, 26, 24, 25, 19
Forage: 33, 43, 32, 35, 28, 30, 21, 26, 23, 21, 17, 21, 15
Forage: 39, 36, 36, 35, 29, 31, 31, 27, 20, 22, 16, 25
Forage: 39, 39, 36, 33, 34, 30, 25, 23, 22, 19, 28, 26
Forage: 37, 36, 37, 36, 31, 31, 27, 27, 23, 34, 29
Forage: 37, 38, 35, 32, 30, 31, 22, 28, 22, 23, 27, 20
Forage: 38, 41, 36, 34, 30, 31, 27, 30, 30, 26, 21
Forage: 37, 34, 34, 37, 34, 27, 25, 20, 24, 25, 25, 21
Forage: 39, 39, 36, 32, 30, 28, 27, 21, 23, 23, 25, 24
Forage: 42, 42, 37, 31, 32, 30, 27, 20, 28, 17, 23, 22
Forage: 38, 41, 36, 32, 37, 24, 28, 27, 24, 22, 27, 17
Forage: 38, 40, 37, 35, 33, 26, 30, 26, 25, 29, 20
Forage: 35, 37, 40, 31, 34, 27, 24, 25, 28, 33, 27
