Forage: 20, 20, 34, 35, 36, 33, 30, 34, 25, 21, 20, 20, 21, 21, 22
Forage: 14, 23, 30, 31, 30, 25, 26, 28, 30, 32, 25, 23, 25, 23, 17
Forage: 12, 31, 27, 35, 33, 36, 35, 32, 27, 26, 21, 21, 14, 15, 16
Forage: 20, 36, 28, 34, 24, 26, 25, 27, 22, 26, 21, 25, 21, 24, 20
Forage: 20, 31, 32, 32, 31, 27, 27, 26, 23, 25, 28, 23, 28, 26, 23
Forage: 24, 28, 31, 28, 36, 34, 28, 28, 24, 25, 23, 18, 16, 16, 21
Forage: 30, 33, 40, 36, 33, 38, 26, 31, 27, 28, 26, 22, 24
Forage: 19, 26, 36, 35, 36, 29, 29, 32, 29, 33, 23, 21, 23, 29
Forage: 16, 21, 26, 31, 29, 26, 31, 25, 28, 24, 25, 27, 27, 25, 24
Forage: 16, 22, 19, 18, 30, 23, 25, 23, 26, 19, 22, 24, 26, 28, 25
Forage: 13, 26, 28, 28, 27, 23, 26, 20, 28, 24, 30, 34, 26, 24, 20
Forage: 17, 28, 34, 39, 32, 38, 33, 30, 38, 31, 28, 25, 29
Forage: 14, 26, 32, 34, 35, 29, 30, 35, 30, 28, 24, 20, 23, 23, 21
Forage: 17, 26, 23, 30, 27, 34, 26, 33, 29, 28, 32, 28, 28, 20, 22
Forage: 23, 28, 31, 41, 36, 34, 25, 34, 32, 30, 25, 20, 21, 19
Forage: 19, 18, 33, 32, 32, 29, 30, 34, 25, 32, 28, 24, 23, 27
Forage: 20, 24, 28, 34, 31, 38, 24, 23, 31, 26, 27, 32, 25, 26
Forage: 16, 22, 29, 28, 27, 26, 25, 25, 22, 28, 31, 30, 19, 28, 24
Forage: 16, 34, 27, 26, 31, 26, 33, 25, 26, 32, 24, 23, 25, 15, 18
Forage: 19, 31, 33, 35, 34, 33, 25, 19, 21, 23, 24, 24, 17, 13, 20
Forage: 21, 33, 32, 22, 27, 27, 35, 29, 30, 40, 32, 27, 26
Forage: 16, 25, 29, 34, 35, 28, 27, 25, 29, 22, 29, 24, 25, 21, 25
Forage: 13, 27, 27, 32, 30, 24, 34, 27, 27, 28, 24, 19, 25, 15, 19
Forage: 17, 27, 25, 28, 33, 26, 24, 28, 27, 35, 28, 21, 24, 27, 24
Forage: 17, 24, 36, 28, 33, 30, 31, 27, 27, 26, 32, 22, 25, 18, 12
Forage: 13, 23, 23, 30, 28, 29, 33, 28, 27, 28, 23, 26, 22, 21, 27
Forage: 12, 24, 22, 27, 27, 24, 28, 32, 32, 37, 38, 29, 18, 19, 20
Forage: 17, 28, 28, 26, 30, 30, 31, 30, 26, 25, 28, 17, 15, 21, 25
Forage: 12, 27, 28, 30, 31, 31, 31, 30, 32, 30, 20, 23, 22, 21, 18
Forage: 16, 24, 24, 31, 32, 25, 33, 28, 23, 31, 36, 19, 23, 23, 21
Forage: 22, 33, 38, 29, 26, 29, 25, 25, 19, 29, 21, 21, 21, 20, 15
Forage: 20, 33, 33, 33, 29, 31, 26, 33, 28, 26, 23, 23, 21, 21, 23
Forage: 14, 29, 29, 28, 37, 39, 30, 36, 29, 26, 28, 18, 15, 13, 12
Forage: 20, 22, 33, 32, 31, 35, 29, 26, 21, 23, 24, 24, 22, 22, 18
Forage: 20, 28, 30, 33, 31, 27, 18, 25, 25, 28, 29, 30, 35, 35
Forage: 16, 31, 32, 32, 39, 31, 32, 31, 25, 25, 25, 20, 18, 24, 25
Forage: 22, 28, 34, 34, 32, 32, 27, 25, 28, 28, 31, 24, 17, 20, 22
Forage: 11, 27, 32, 29, 29, 31, 33, 33, 28, 34, 22, 19, 11, 19, 17
Forage: 16, 23, 26, 24, 33, 27, 32, 23, 31, 19, 22, 24, 21, 15, 22
Forage: 23, 30, 30, 29, 27, 28, 28, 24, 21, 23, 26, 21, 24, 20, 20
Forage: 18, 19, 27, 27, 30, 27, 29, 25, 35, 23, 28, 27, 26, 28, 26
Forage: 14, 25, 34, 34, 30, 27, 30, 31, 25, 19, 22, 23, 24, 18, 17
Forage: 16, 33, 27, 28, 26, 28, 29, 31, 21, 21, 20, 12, 17, 22, 27
Forage: 14, 28, 28, 33, 31, 35, 31, 37, 27, 25, 30, 35, 26, 25
Forage: 14, 30, 25, 30, 27, 33, 27, 30, 22, 28, 27, 30, 29, 29, 18
Forage: 21, 30, 31, 24, 25, 27, 29, 27, 27, 27, 29, 21, 25, 31, 26
Forage: 16, 22, 21, 32, 33, 28, 27, 27, 33, 24, 25, 32, 21, 21, 23
Forage: 15, 29, 32, 31, 34, 30, 32, 26, 28, 31, 27, 30, 26, 21
Forage: 17, 27, 31, 33, 34, 32, 31, 27, 24, 28, 22, 29, 26, 22, 15
Forage: 17, 27, 23, 25, 35, 24, 35, 30, 36, 27, 27, 26, 22, 18, 23
