Forage: 38, 42, 38, 30, 39, 26, 32, 36, 29, 23, 18
Forage: 34, 44, 38, 40, 36, 32, 34, 22, 29, 16, 17
Forage: 36, 39, 41, 37, 40, 38, 30, 30, 23, 24, 18
Forage: 37, 43, 40, 35, 38, 34, 26, 27, 27, 26, 19
Forage: 34, 43, 39, 35, 35, 31, 33, 32, 28, 23, 22
Forage: 36, 39, 35, 42, 30, 35, 33, 32, 24, 20, 23
Forage: 35, 42, 42, 33, 34, 36, 32, 34, 28, 18, 20
Forage: 39, 42, 40, 41, 34, 34, 31, 25, 32, 23
Forage: 35, 41, 41, 39, 32, 28, 27, 26, 29, 23, 25
Forage: 34, 43, 39, 35, 37, 45, 28, 24, 30, 22, 19
Forage: 35, 45, 43, 37, 31, 35, 30, 27, 26, 16, 24
Forage: 38, 44, 37, 33, 35, 27, 35, 26, 33, 23, 27
Forage: 36, 40, 45, 32, 29, 32, 32, 35, 21, 25, 22
Forage: 34, 37, 45, 37, 35, 33, 27, 29, 29, 29, 22
Forage: 37, 41, 41, 39, 36, 35, 31, 26, 27, 28
Forage: 34, 39, 35, 45, 30, 31, 32, 30, 28, 24, 28
Forage: 32, 43, 39, 36, 39, 36, 26, 30, 31, 20, 23
Forage: 34, 52, 31, 34, 39, 34, 36, 24, 27, 27
Forage: 31, 42, 44, 39, 36, 31, 29, 30, 33, 23
Forage: 35, 45, 41, 43, 32, 34, 34, 28, 29, 26
Forage: 36, 38, 47, 35, 34, 37, 34, 29, 28, 29
Forage: 37, 39, 41, 38, 37, 32, 32, 33, 26, 28
Forage: 39, 43, 38, 43, 33, 35, 31, 24, 29, 19, 22
Forage: 36, 41, 44, 35, 41, 33, 29, 31, 25, 27
Forage: 35, 45, 36, 40, 37, 29, 32, 40, 21, 21, 20
Forage: 39, 40, 34, 36, 32, 41, 33, 28, 28, 32
Forage: 38, 43, 40, 38, 35, 29, 30, 30, 27, 27, 14
Forage: 33, 41, 37, 38, 36, 34, 33, 31, 22, 28, 21
Forage: 35, 40, 40, 35, 38, 33, 34, 28, 27, 23, 21
Forage: 39, 41, 37, 38, 37, 31, 27, 32, 28, 24, 24
