Forage: 64, 83, 70, 62, 51
Forage: 70, 80, 76, 54, 52
Forage: 64, 83, 70, 64, 46
Forage: 70, 70, 75, 68, 47
Forage: 67, 78, 65, 53, 63
Forage: 71, 74, 69, 58, 52
Forage: 68, 79, 75, 66, 54
Forage: 69, 72, 77, 56, 55
Forage: 73, 81, 69, 57, 57
Forage: 58, 80, 71, 62, 54
Forage: 69, 75, 71, 67, 54
Forage: 65, 83, 67, 60, 51
Forage: 66, 81, 66, 67, 52
Forage: 66, 85, 65, 72, 62
Forage: 60, 80, 75, 63, 54
Forage: 65, 80, 71, 54, 55
Forage: 64, 91, 72, 54, 64
Forage: 71, 78, 68, 61, 56
Forage: 71, 73, 70, 60, 59
Forage: 64, 86, 81, 63, 51
Forage: 70, 74, 74, 59, 56
Forage: 73, 74, 71, 60, 57
Forage: 70, 75, 71, 55, 50
Forage: 73, 80, 66, 55, 48
Forage: 65, 76, 69, 61, 61
Forage: 62, 82, 64, 61, 55
Forage: 69, 80, 74, 54, 50
Forage: 71, 84, 65, 70, 50
Forage: 61, 88, 67, 53, 58
Forage: 66, 75, 67, 62, 50
