Forage: 17, 23, 18, 20, 16, 15, 13, 15, 11, 11, 10, 12, 13, 12, 11, 9, 11, 9, 11, 10, 11, 9, 12, 9, 9, 7, 11, 9, 11
Forage: 21, 21, 20, 16, 15, 18, 18, 11, 11, 14, 13, 9, 11, 13, 12, 12, 11, 11, 12, 11, 10, 7, 10, 8, 10, 10, 11, 5
Forage: 20, 22, 22, 17, 14, 14, 15, 14, 10, 12, 13, 10, 14, 10, 13, 9, 13, 10, 12, 13, 14, 10, 8, 10, 11, 7, 10, 11
Forage: 23, 19, 18, 16, 15, 14, 15, 15, 12, 14, 11, 12, 13, 9, 12, 13, 9, 10, 11, 14, 9, 12, 10, 9, 8, 9, 9, 9, 8
Forage: 23, 24, 18, 16, 16, 15, 15, 16, 13, 13, 11, 14, 10, 12, 8, 9, 14, 10, 12, 8, 11, 9, 9, 10, 9, 11, 8, 10
Forage: 19, 21, 18, 17, 16, 14, 13, 12, 12, 11, 13, 13, 13, 14, 9, 8, 10, 11, 10, 12, 9, 10, 10, 11, 9, 7, 10, 8, 10
Forage: 21, 23, 16, 18, 16, 14, 13, 13, 13, 15, 11, 10, 13, 10, 13, 9, 11, 9, 10, 11, 9, 8, 13, 9, 6, 10, 8, 9, 11
Forage: 19, 21, 15, 17, 14, 14, 16, 14, 12, 12, 15, 12, 13, 13, 12, 10, 8, 10, 12, 11, 11, 8, 9, 9, 13, 7, 7, 10, 10, 4
Forage: 20, 23, 17, 16, 16, 13, 16, 13, 12, 15, 14, 12, 12, 11, 12, 8, 13, 10, 9, 9, 12, 12, 10, 8, 10, 8, 10, 8, 9
Forage: 22, 16, 21, 17, 15, 17, 14, 13, 14, 12, 13, 12, 13, 13, 10, 10, 12, 9, 9, 10, 6, 12, 11, 6, 11, 10, 9, 8, 9
Forage: 18, 23, 20, 16, 17, 14, 14, 14, 11, 12, 13, 13, 12, 8, 12, 10, 13, 10, 11, 9, 11, 11, 10, 8, 11, 8, 7, 11, 9
Forage: 20, 21, 18, 17, 17, 15, 14, 10, 15, 14, 11, 15, 10, 13, 11, 9, 10, 12, 10, 11, 9, 9, 10, 11, 10, 7, 8, 11, 9
Forage: 20, 19, 22, 17, 14, 16, 14, 14, 11, 14, 13, 10, 14, 13, 10, 10, 10, 10, 8, 12, 14, 8, 11, 11, 9, 11, 9, 8, 6
Forage: 22, 21, 21, 14, 17, 16, 13, 17, 13, 14, 10, 13, 8, 12, 12, 14, 13, 11, 4, 13, 10, 13, 7, 10, 9, 9, 8, 10
Forage: 22, 20, 14, 19, 16, 15, 12, 15, 16, 12, 10, 12, 10, 15, 11, 11, 10, 11, 9, 12, 9, 10, 11, 8, 7, 11, 9, 9, 11
Forage: 19, 23, 13, 19, 18, 16, 13, 13, 13, 13, 12, 13, 12, 11, 11, 11, 8, 13, 13, 11, 10, 11, 9, 9, 8, 10, 8, 6, 10
Forage: 20, 23, 17, 17, 16, 15, 15, 16, 16, 13, 12, 12, 11, 12, 13, 10, 8, 12, 10, 10, 6, 10, 11, 6, 12, 9, 11, 10
Forage: 20, 21, 19, 18, 10, 17, 13, 13, 11, 13, 11, 16, 10, 7, 12, 10, 13, 10, 10, 11, 9, 10, 7, 11, 10, 9, 8, 10, 7, 9
Forage: 19, 22, 16, 12, 18, 17, 13, 14, 14, 12, 11, 12, 13, 12, 12, 11, 11, 11, 11, 7, 12, 10, 10, 12, 9, 10, 7, 7, 8
Forage: 19, 20, 21, 19, 17, 13, 16, 15, 17, 11, 12, 14, 12, 11, 12, 13, 10, 9, 12, 6, 11, 7, 8, 12, 9, 12, 7, 9
Forage: 18, 18, 18, 18, 14, 14, 13, 15, 14, 15, 13, 12, 8, 12, 14, 10, 10, 12, 8, 10, 11, 8, 9, 10, 8, 11, 11, 7, 9
Forage: 22, 26, 16, 17, 12, 16, 17, 12, 13, 13, 14, 14, 13, 12, 12, 9, 11, 11, 11, 9, 11, 11, 10, 12, 8, 11, 7
Forage: 19, 19, 18, 19, 15, 15, 14, 14, 13, 12, 12, 11, 13, 12, 12, 11, 11, 10, 10, 12, 9, 7, 13, 6, 9, 8, 10, 7, 7, 9
Forage: 24, 19, 16, 18, 16, 15, 13, 14, 14, 11, 13, 12, 12, 12, 12, 12, 10, 16, 8, 11, 9, 11, 9, 10, 9, 7, 10, 8
Forage: 21, 22, 19, 17, 14, 18, 13, 13, 14, 10, 12, 12, 13, 13, 10, 11, 12, 11, 10, 9, 11, 9, 13, 8, 8, 12, 8, 9
Forage: 20, 21, 20, 14, 11, 18, 13, 15, 12, 11, 11, 14, 13, 15, 12, 11, 12, 11, 9, 10, 9, 9, 13, 8, 8, 10, 9, 7, 9
Forage: 19, 20, 20, 16, 16, 12, 19, 14, 12, 13, 11, 12, 10, 13, 9, 12, 12, 8, 9, 11, 11, 8, 10, 10, 11, 6, 9, 8, 8
Forage: 20, 19, 20, 14, 17, 15, 18, 13, 11, 10, 12, 13, 12, 12, 10, 9, 11, 11, 12, 10, 12, 9, 9, 10, 8, 11, 8, 7, 11
Forage: 19, 19, 15, 18, 16, 14, 14, 16, 12, 9, 14, 11, 11, 11, 12, 13, 11, 7, 11, 11, 9, 11, 8, 10, 10, 10, 9, 8, 9, 9
Forage: 20, 20, 18, 18, 17, 14, 14, 13, 13, 14, 11, 12, 12, 12, 12, 9, 10, 14, 10, 10, 10, 9, 12, 9, 9, 9, 9, 11
