Forage: 27, 30, 23, 24, 21, 20, 23, 17, 22, 15, 19, 18, 19, 16, 11, 18, 14, 18
Forage: 27, 29, 29, 20, 21, 20, 18, 21, 22, 14, 18, 16, 20, 16, 10, 14, 20, 10, 11
Forage: 30, 28, 25, 23, 23, 18, 20, 21, 19, 19, 15, 18, 17, 15, 16, 17, 13, 16
Forage: 26, 33, 24, 22, 26, 22, 21, 20, 19, 15, 20, 14, 16, 17, 16, 15, 12, 13
Forage: 26, 24, 31, 20, 21, 19, 21, 19, 16, 17, 16, 19, 15, 15, 16, 16, 11, 19, 14
Forage: 27, 30, 27, 22, 21, 22, 21, 21, 13, 19, 16, 14, 17, 15, 13, 13, 12, 13, 12
Forage: 31, 27, 27, 22, 25, 19, 21, 19, 21, 17, 16, 15, 18, 15, 19, 14, 10, 15
Forage: 33, 27, 28, 23, 22, 21, 16, 20, 18, 16, 21, 18, 15, 17, 13, 16, 18, 10
Forage: 30, 26, 26, 23, 23, 22, 19, 20, 18, 20, 18, 15, 18, 13, 15, 15, 15, 14
Forage: 26, 29, 25, 20, 23, 19, 20, 18, 20, 14, 17, 16, 14, 15, 15, 15, 16, 16, 17
Forage: 29, 31, 24, 23, 25, 21, 20, 16, 17, 14, 20, 12, 17, 17, 16, 12, 14, 14, 11
Forage: 31, 27, 28, 24, 25, 23, 20, 24, 18, 17, 17, 19, 14, 15, 18, 11, 14, 13
Forage: 34, 25, 28, 23, 22, 18, 27, 16, 17, 18, 15, 18, 16, 14, 11, 18, 12, 16
Forage: 29, 27, 28, 21, 18, 24, 21, 19, 18, 16, 18, 17, 16, 16, 11, 17, 16, 13
Forage: 29, 32, 27, 25, 22, 21, 21, 19, 19, 16, 18, 16, 13, 16, 16, 13, 15, 12
Forage: 27, 32, 26, 25, 20, 23, 21, 16, 22, 16, 22, 17, 17, 14, 18, 15, 16, 10
Forage: 27, 28, 26, 21, 21, 21, 21, 19, 15, 16, 17, 15, 17, 17, 16, 15, 17, 12
Forage: 27, 27, 23, 27, 22, 23, 16, 23, 18, 19, 14, 14, 16, 16, 16, 15, 14, 18, 10
Forage: 25, 29, 24, 26, 19, 22, 21, 18, 18, 20, 15, 20, 14, 14, 13, 15, 16, 13, 14
Forage: 25, 35, 24, 23, 23, 21, 20, 21, 15, 22, 16, 19, 17, 17, 17, 13, 12, 15
Forage: 25, 27, 28, 22, 27, 20, 21, 21, 17, 18, 13, 15, 19, 19, 15, 13, 14, 16
Forage: 30, 24, 28, 24, 21, 22, 19, 20, 18, 19, 17, 16, 16, 12, 14, 14, 16, 17
Forage: 27, 24, 26, 22, 20, 22, 20, 20, 16, 21, 20, 15, 19, 16, 13, 17, 16, 11
Forage: 28, 25, 27, 23, 21, 21, 23, 22, 19, 18, 17, 19, 15, 15, 16, 16, 12, 16
Forage: 29, 28, 27, 20, 24, 20, 21, 20, 21, 17, 19, 17, 18, 15, 16, 14, 14, 12
Forage: 26, 26, 28, 26, 22, 20, 22, 17, 18, 18, 17, 17, 15, 10, 19, 15, 13, 10, 17
Forage: 29, 28, 22, 21, 22, 20, 20, 13, 21, 16, 16, 17, 16, 15, 16, 14, 15, 16, 16
Forage: 25, 25, 28, 23, 21, 19, 22, 20, 21, 18, 20, 19, 15, 18, 19, 15, 13, 16
Forage: 29, 27, 21, 23, 26, 18, 20, 19, 19, 22, 16, 14, 18, 18, 15, 17, 10, 13
Forage: 27, 32, 25, 27, 19, 23, 23, 18, 19, 18, 16, 16, 17, 15, 17, 15, 14, 16
