Forage: 28, 24, 25, 21, 17, 21, 18, 16, 15, 20, 13, 15, 14, 18, 11, 12, 14, 13, 13, 11, 12
Forage: 24, 23, 21, 22, 21, 17, 18, 16, 15, 15, 13, 14, 15, 16, 15, 15, 10, 15, 12, 12, 9, 12
Forage: 22, 20, 23, 22, 15, 19, 16, 17, 17, 17, 14, 16, 14, 11, 16, 14, 17, 11, 9, 12, 12, 10, 9
Forage: 26, 25, 19, 18, 18, 22, 17, 17, 18, 14, 17, 13, 11, 15, 15, 12, 14, 11, 13, 12, 9, 13
Forage: 27, 19, 25, 21, 24, 18, 12, 18, 15, 19, 15, 11, 14, 16, 13, 11, 13, 12, 13, 13, 8, 14
Forage: 26, 22, 26, 20, 18, 18, 15, 19, 16, 13, 14, 16, 13, 14, 13, 13, 11, 14, 11, 13, 12, 12
Forage: 21, 21, 25, 23, 20, 21, 17, 13, 15, 17, 15, 15, 12, 18, 13, 13, 16, 8, 13, 13, 13, 9
Forage: 26, 24, 23, 21, 19, 22, 18, 18, 15, 16, 18, 15, 15, 14, 17, 11, 13, 11, 9, 11, 14
Forage: 23, 24, 23, 20, 16, 17, 21, 18, 15, 14, 18, 14, 12, 11, 14, 17, 8, 16, 14, 12, 12, 13
Forage: 23, 22, 23, 22, 17, 15, 18, 16, 17, 13, 15, 13, 15, 16, 14, 8, 12, 14, 15, 11, 15, 12, 8
Forage: 21, 22, 25, 18, 16, 19, 18, 18, 14, 16, 15, 14, 14, 14, 12, 16, 11, 15, 15, 12, 11, 12
Forage: 24, 24, 23, 22, 22, 19, 17, 18, 16, 17, 14, 14, 16, 10, 14, 12, 13, 14, 13, 13, 10
Forage: 25, 26, 24, 16, 16, 21, 19, 15, 15, 19, 16, 14, 14, 13, 14, 14, 11, 16, 13, 13, 11, 10
Forage: 25, 28, 19, 20, 19, 18, 19, 17, 15, 14, 18, 17, 12, 14, 17, 11, 14, 15, 12, 13, 13
Forage: 24, 25, 19, 22, 18, 15, 18, 20, 16, 13, 16, 13, 13, 11, 11, 14, 13, 13, 14, 14, 8, 12, 13
Forage: 25, 25, 23, 21, 21, 20, 17, 19, 15, 17, 15, 16, 14, 11, 15, 12, 15, 10, 11, 13, 13, 9
Forage: 26, 22, 22, 24, 17, 18, 17, 18, 15, 17, 12, 15, 16, 13, 13, 13, 14, 10, 11, 11, 15, 11
Forage: 27, 21, 22, 15, 21, 16, 19, 17, 17, 16, 15, 14, 13, 12, 11, 12, 15, 12, 9, 13, 11, 14, 10
Forage: 22, 22, 25, 18, 21, 20, 16, 19, 13, 18, 13, 15, 13, 15, 12, 15, 14, 11, 13, 11, 13, 11
Forage: 20, 27, 24, 19, 24, 16, 18, 20, 16, 17, 14, 15, 13, 13, 12, 14, 14, 9, 12, 11, 13, 11
Forage: 24, 24, 19, 19, 21, 19, 17, 17, 12, 18, 17, 13, 15, 13, 15, 12, 12, 13, 12, 12, 10, 12, 10
Forage: 23, 26, 23, 21, 18, 19, 16, 18, 15, 15, 16, 13, 15, 12, 15, 16, 11, 13, 13, 11, 12, 13
Forage: 24, 22, 17, 23, 18, 15, 15, 17, 15, 15, 16, 12, 15, 14, 17, 8, 16, 12, 14, 11, 11, 14, 9
Forage: 26, 23, 23, 18, 22, 18, 15, 16, 16, 15, 15, 17, 12, 11, 12, 15, 15, 15, 11, 10, 12, 13
Forage: 27, 21, 24, 19, 20, 19, 16, 16, 19, 13, 15, 14, 13, 13, 12, 16, 12, 12, 13, 14, 9, 11
Forage: 24, 24, 22, 21, 15, 19, 16, 17, 18, 14, 16, 13, 14, 14, 13, 12, 15, 14, 9, 14, 11, 11, 9
Forage: 24, 20, 20, 22, 15, 18, 16, 17, 16, 17, 14, 13, 17, 11, 14, 14, 13, 14, 11, 14, 13, 11, 9
Forage: 24, 21, 23, 17, 16, 18, 21, 14, 14, 20, 12, 14, 16, 13, 15, 10, 12, 14, 15, 7, 11, 15, 12
Forage: 24, 26, 18, 21, 17, 18, 18, 17, 17, 16, 16, 14, 14, 11, 18, 13, 13, 12, 13, 14, 12, 10
Forage: 26, 26, 19, 20, 19, 18, 21, 15, 16, 16, 15, 12, 14, 15, 12, 11, 11, 13, 11, 11, 13, 11, 10
