Forage: 12, 12, 14, 11, 12, 10, 7, 9, 9, 11, 7, 9, 7, 5, 6, 5, 10, 6, 6, 6, 7, 8, 6, 8, 6, 7, 6, 5, 6, 4, 7, 6, 7, 5, 5, 5, 5, 6, 5, 5, 5, 5, 5, 4, 5, 6, 6, 2, 7, 4, 6, 4, 3
Forage: 13, 13, 13, 12, 10, 9, 10, 11, 7, 8, 8, 8, 7, 6, 8, 6, 7, 8, 6, 5, 7, 7, 5, 6, 5, 6, 7, 6, 5, 5, 6, 5, 6, 7, 6, 5, 5, 7, 4, 4, 5, 6, 4, 7, 3, 6, 5, 3, 6, 5, 5, 5, 4, 4
Forage: 11, 12, 9, 12, 10, 9, 8, 10, 10, 8, 7, 5, 11, 6, 6, 7, 8, 6, 8, 6, 7, 6, 6, 5, 8, 5, 5, 5, 7, 4, 7, 6, 6, 5, 5, 5, 6, 4, 6, 7, 3, 6, 4, 4, 4, 4, 7, 5, 6, 4, 4, 6, 2, 5, 3, 5
Forage: 10, 13, 11, 11, 11, 9, 7, 10, 5, 9, 8, 6, 7, 6, 10, 7, 8, 5, 7, 8, 6, 6, 5, 7, 5, 6, 6, 4, 4, 7, 5, 5, 6, 6, 3, 7, 5, 4, 6, 6, 4, 7, 4, 5, 2, 6, 5, 4, 2, 3, 4, 4, 4, 6, 3, 4, 5, 3, 4
Forage: 15, 12, 11, 14, 9, 10, 11, 7, 11, 8, 10, 7, 6, 8, 8, 8, 6, 6, 9, 6, 5, 6, 6, 5, 8, 5, 5, 6, 8, 3, 7, 7, 5, 7, 5, 5, 6, 4, 4, 5, 5, 6, 4, 5, 5, 3, 4, 7, 2, 4, 4, 1, 5, 4, 5
Forage: 12, 16, 12, 10, 9, 6, 10, 6, 8, 9, 6, 7, 9, 5, 6, 6, 8, 6, 7, 7, 8, 8, 6, 6, 5, 6, 4, 9, 4, 6, 6, 5, 5, 5, 7, 5, 4, 5, 4, 6, 6, 8, 6, 3, 5, 4, 3, 4, 5, 5, 5, 5, 3, 5, 5, 4
Forage: 10, 12, 10, 9, 7, 8, 7, 9, 7, 7, 8, 9, 7, 7, 8, 6, 9, 7, 4, 7, 8, 4, 7, 6, 5, 7, 3, 6, 6, 4, 6, 4, 7, 6, 5, 4, 5, 4, 5, 6, 5, 5, 5, 4, 5, 6, 6, 5, 4, 4, 7, 6, 4, 4, 5, 4, 5, 4
Forage: 10, 15, 10, 10, 10, 12, 6, 9, 8, 9, 7, 8, 8, 6, 6, 7, 6, 8, 7, 8, 5, 7, 7, 5, 6, 4, 7, 5, 7, 4, 7, 6, 4, 7, 5, 6, 4, 5, 7, 5, 6, 5, 4, 3, 5, 4, 5, 4, 5, 5, 1, 5, 5, 6, 5, 4
Forage: 13, 12, 14, 9, 8, 9, 11, 8, 7, 9, 8, 5, 8, 6, 5, 9, 7, 8, 5, 6, 6, 7, 4, 5, 6, 6, 5, 4, 7, 7, 4, 7, 5, 4, 5, 5, 6, 5, 6, 4, 6, 4, 7, 3, 4, 6, 5, 3, 5, 8, 6, 3, 3, 3, 6, 4, 5
Forage: 10, 15, 12, 8, 9, 9, 8, 9, 7, 8, 8, 6, 5, 7, 7, 6, 6, 7, 7, 5, 6, 6, 6, 6, 7, 4, 4, 8, 3, 6, 7, 5, 3, 8, 4, 4, 7, 6, 3, 5, 5, 5, 4, 6, 2, 5, 7, 3, 4, 3, 5, 6, 3, 3, 3, 4, 1, 8, 3, 4, 3
Forage: 11, 11, 11, 13, 8, 11, 7, 9, 7, 8, 8, 10, 6, 6, 6, 8, 7, 8, 4, 4, 7, 7, 7, 7, 6, 4, 6, 7, 8, 3, 6, 7, 7, 4, 5, 5, 6, 4, 6, 6, 4, 6, 5, 2, 4, 5, 4, 5, 6, 4, 4, 4, 4, 6, 5, 5
Forage: 12, 14, 10, 11, 11, 9, 9, 9, 5, 8, 8, 8, 7, 7, 7, 7, 8, 5, 8, 5, 5, 7, 7, 8, 4, 7, 3, 6, 5, 6, 5, 7, 5, 6, 6, 4, 4, 6, 5, 6, 5, 4, 3, 3, 5, 5, 5, 5, 2, 3, 3, 7, 2, 4, 2, 7, 4, 5, 3
Forage: 13, 13, 11, 13, 9, 7, 7, 10, 6, 7, 10, 7, 6, 8, 7, 6, 7, 9, 5, 7, 6, 7, 8, 5, 8, 6, 7, 5, 4, 5, 6, 6, 4, 4, 4, 5, 6, 4, 7, 4, 5, 4, 4, 4, 5, 4, 6, 4, 4, 5, 3, 3, 6, 4, 5, 4, 3, 5
Forage: 11, 13, 12, 9, 8, 11, 7, 8, 8, 8, 7, 9, 6, 6, 7, 7, 7, 8, 6, 8, 8, 6, 6, 6, 6, 4, 6, 7, 5, 5, 7, 5, 6, 4, 4, 5, 7, 6, 5, 5, 3, 4, 6, 5, 5, 5, 5, 5, 3, 5, 6, 4, 4, 5, 6, 2, 5
Forage: 10, 14, 11, 10, 12, 8, 10, 7, 9, 9, 5, 8, 6, 8, 7, 8, 8, 7, 6, 7, 9, 3, 7, 6, 5, 7, 6, 5, 6, 7, 5, 6, 7, 5, 5, 4, 6, 4, 6, 4, 6, 4, 6, 8, 8, 3, 5, 5, 4, 6, 3, 6, 5, 3
Forage: 10, 13, 13, 12, 9, 9, 9, 8, 8, 6, 8, 7, 6, 7, 7, 7, 6, 8, 7, 6, 6, 6, 5, 9, 5, 6, 6, 6, 6, 4, 6, 6, 5, 4, 4, 6, 4, 5, 5, 8, 6, 3, 8, 4, 5, 5, 6, 3, 4, 5, 4, 4, 7, 4, 3, 4, 5
Forage: 11, 14, 7, 10, 10, 9, 9, 10, 8, 9, 7, 9, 7, 8, 6, 7, 8, 6, 5, 7, 7, 5, 7, 6, 8, 4, 6, 5, 3, 5, 6, 5, 6, 6, 4, 5, 6, 5, 3, 8, 4, 8, 4, 4, 4, 4, 6, 4, 6, 5, 5, 5, 3, 6, 3, 4, 5
Forage: 14, 13, 11, 11, 11, 11, 8, 9, 9, 8, 6, 9, 8, 6, 8, 5, 7, 6, 4, 7, 4, 5, 6, 6, 4, 9, 5, 6, 7, 6, 3, 7, 5, 8, 3, 6, 2, 10, 4, 5, 3, 6, 7, 5, 6, 4, 6, 5, 4, 6, 3, 5, 5, 3, 5, 3
Forage: 14, 11, 11, 10, 10, 7, 7, 11, 7, 7, 9, 8, 6, 7, 9, 7, 7, 8, 8, 5, 8, 7, 6, 6, 6, 4, 6, 6, 5, 8, 4, 5, 5, 6, 5, 5, 6, 7, 6, 4, 6, 3, 7, 3, 5, 3, 5, 9, 4, 4, 3, 5, 5, 3, 5
Forage: 11, 12, 13, 9, 10, 9, 10, 10, 10, 6, 9, 7, 6, 8, 11, 6, 10, 6, 7, 5, 7, 5, 6, 5, 4, 7, 7, 6, 6, 8, 4, 5, 6, 6, 4, 5, 4, 3, 5, 7, 4, 7, 5, 4, 6, 4, 4, 5, 6, 4, 5, 4, 6, 5, 3
Forage: 10, 12, 13, 11, 9, 10, 10, 7, 6, 9, 9, 7, 7, 8, 5, 8, 7, 6, 9, 5, 3, 6, 9, 4, 6, 6, 4, 6, 6, 4, 6, 6, 4, 4, 7, 4, 5, 5, 4, 6, 5, 4, 5, 5, 6, 4, 4, 6, 5, 3, 6, 6, 6, 5, 3, 5, 4
Forage: 14, 12, 11, 11, 10, 10, 9, 9, 11, 5, 7, 10, 8, 9, 6, 6, 7, 6, 9, 4, 8, 7, 6, 6, 6, 5, 6, 4, 9, 4, 7, 6, 6, 4, 5, 5, 5, 6, 6, 4, 3, 7, 6, 5, 6, 4, 5, 3, 5, 4, 3, 5, 4, 4
Forage: 14, 12, 9, 10, 8, 11, 9, 8, 7, 8, 9, 8, 7, 8, 8, 7, 5, 6, 8, 6, 6, 7, 6, 4, 6, 6, 6, 5, 6, 7, 6, 8, 3, 7, 3, 5, 6, 3, 5, 6, 5, 5, 6, 4, 3, 5, 6, 4, 5, 3, 3, 7, 3, 5, 4, 9
Forage: 12, 12, 11, 10, 7, 10, 6, 8, 12, 6, 7, 9, 7, 6, 7, 6, 9, 5, 7, 7, 6, 7, 4, 7, 10, 12, 7, 7, 6, 4, 7, 7, 4, 5, 5, 5, 4, 6, 4, 3, 5, 2, 7, 0, 7, 2, 5, 3, 3, 5, 3, 4, 3, 4, 1, 6, 4, 5, 2
Forage: 11, 15, 14, 12, 8, 7, 8, 10, 7, 10, 6, 8, 8, 6, 5, 7, 7, 7, 5, 7, 5, 4, 8, 5, 7, 6, 6, 6, 5, 8, 5, 5, 7, 9, 6, 6, 5, 5, 4, 4, 6, 7, 5, 4, 7, 3, 6, 2, 4, 3, 5, 7, 5, 4, 2
Forage: 9, 11, 12, 7, 11, 8, 9, 9, 9, 9, 7, 9, 8, 7, 8, 6, 7, 7, 7, 8, 5, 7, 5, 7, 7, 5, 7, 4, 10, 2, 5, 7, 6, 6, 6, 5, 5, 3, 5, 6, 4, 5, 5, 3, 5, 4, 4, 4, 2, 6, 4, 4, 4, 5, 4, 3, 5, 4
Forage: 9, 12, 15, 7, 8, 8, 13, 8, 10, 7, 7, 8, 6, 7, 9, 6, 8, 6, 7, 6, 7, 7, 6, 5, 7, 6, 6, 6, 6, 7, 6, 5, 4, 5, 6, 5, 6, 4, 4, 4, 7, 6, 6, 4, 4, 5, 5, 2, 7, 5, 4, 3, 5, 6, 2, 5
Forage: 11, 13, 9, 14, 8, 9, 10, 10, 7, 9, 7, 7, 8, 7, 8, 6, 7, 7, 6, 8, 9, 6, 6, 6, 5, 6, 5, 6, 6, 7, 6, 5, 6, 5, 5, 4, 8, 3, 6, 5, 4, 5, 4, 7, 5, 6, 4, 6, 4, 5, 4, 5, 4, 5, 4
Forage: 15, 14, 9, 8, 12, 10, 9, 10, 7, 10, 8, 9, 5, 7, 5, 9, 6, 4, 10, 6, 7, 7, 5, 4, 8, 4, 6, 6, 6, 5, 5, 8, 4, 4, 7, 5, 6, 2, 5, 5, 5, 5, 7, 4, 6, 1, 6, 4, 2, 6, 5, 4, 1, 4, 5, 5, 4
Forage: 12, 11, 12, 10, 9, 10, 9, 9, 7, 7, 10, 5, 7, 6, 6, 8, 7, 8, 6, 5, 6, 6, 7, 5, 6, 8, 4, 4, 7, 4, 5, 5, 5, 5, 7, 4, 6, 6, 4, 8, 5, 5, 4, 3, 7, 6, 2, 8, 3, 4, 4, 5, 5, 4, 4, 5, 6
