Forage: 31, 29, 27, 26, 26, 24, 27, 18, 21, 20, 15, 24, 19, 18, 16, 15
Forage: 34, 30, 27, 25, 25, 23, 21, 23, 20, 22, 20, 20, 18, 18, 15, 16
Forage: 31, 32, 32, 28, 23, 22, 22, 20, 17, 23, 20, 18, 17, 16, 20, 17
Forage: 29, 34, 28, 25, 25, 29, 20, 17, 23, 19, 19, 17, 19, 13, 17, 19
Forage: 30, 33, 25, 27, 28, 25, 18, 23, 20, 23, 20, 17, 17, 21, 14, 16
Forage: 34, 32, 28, 23, 25, 24, 23, 20, 20, 21, 21, 17, 20, 16, 17
Forage: 28, 34, 26, 30, 25, 23, 24, 21, 20, 19, 18, 21, 14, 20, 17, 16
Forage: 28, 33, 31, 23, 29, 19, 22, 22, 18, 20, 21, 14, 19, 12, 19, 15
Forage: 30, 32, 30, 27, 22, 24, 26, 22, 16, 24, 17, 21, 18, 15, 21
Forage: 33, 34, 26, 26, 25, 23, 15, 25, 21, 23, 17, 16, 20, 17, 16, 16
Forage: 33, 31, 24, 24, 28, 21, 22, 24, 20, 13, 23, 21, 18, 18, 16, 17
Forage: 34, 31, 30, 24, 23, 25, 22, 24, 23, 17, 24, 16, 22, 11, 19
Forage: 28, 35, 32, 25, 27, 20, 22, 20, 21, 21, 21, 16, 17, 14, 18, 14
Forage: 31, 31, 25, 22, 23, 27, 20, 21, 21, 23, 22, 18, 20, 20, 18
Forage: 32, 32, 29, 24, 26, 19, 23, 25, 23, 22, 17, 21, 17, 20, 19
Forage: 29, 33, 29, 25, 30, 23, 21, 22, 22, 22, 19, 19, 20, 20, 16
Forage: 31, 31, 29, 28, 27, 25, 22, 22, 22, 17, 16, 17, 16, 18, 15, 21
Forage: 32, 34, 30, 24, 24, 24, 22, 24, 18, 22, 19, 14, 21, 19, 14, 14
Forage: 26, 33, 26, 24, 25, 27, 19, 18, 19, 20, 19, 19, 18, 21, 17, 18
Forage: 35, 29, 26, 28, 24, 24, 21, 20, 22, 20, 18, 16, 22, 17, 20
Forage: 36, 30, 28, 28, 23, 25, 21, 21, 21, 19, 18, 17, 18, 17, 19
Forage: 27, 32, 29, 25, 28, 26, 22, 22, 21, 19, 20, 21, 15, 16, 21, 13
Forage: 32, 30, 31, 25, 24, 22, 25, 22, 20, 20, 18, 18, 15, 22, 16, 18
Forage: 29, 32, 31, 20, 23, 23, 22, 26, 22, 17, 20, 18, 17, 18, 17, 14
Forage: 33, 35, 26, 31, 21, 26, 22, 23, 19, 21, 22, 21, 19, 15, 18
Forage: 30, 31, 30, 30, 21, 19, 24, 22, 21, 21, 22, 16, 18, 20, 14
Forage: 32, 33, 29, 26, 25, 27, 22, 19, 21, 19, 17, 21, 17, 16, 17
Forage: 32, 31, 25, 27, 21, 22, 22, 21, 18, 25, 18, 21, 17, 16, 16, 16
Forage: 34, 30, 28, 25, 26, 25, 20, 25, 17, 21, 21, 18, 17, 19, 19
Forage: 30, 31, 31, 26, 22, 24, 26, 21, 25, 17, 18, 19, 18, 22, 13
