Forage: 47, 46, 37, 38, 40, 37, 33, 32, 27
Forage: 43, 52, 40, 44, 38, 40, 31, 26, 26
Forage: 45, 49, 45, 40, 39, 32, 35, 29, 25
Forage: 45, 50, 43, 41, 37, 38, 34, 29, 30
Forage: 49, 49, 43, 38, 38, 33, 37, 30, 25
Forage: 44, 54, 51, 41, 41, 40, 29, 30
Forage: 46, 48, 45, 42, 39, 43, 32, 29, 24
Forage: 41, 46, 40, 40, 40, 35, 30, 33, 24, 29
Forage: 48, 49, 46, 40, 43, 36, 27, 30, 25
Forage: 45, 49, 45, 41, 39, 35, 34, 34, 30
Forage: 48, 46, 47, 41, 38, 40, 25, 30, 25
Forage: 46, 53, 44, 37, 39, 36, 39, 34, 24
Forage: 44, 49, 43, 37, 38, 30, 33, 36, 23, 23
Forage: 43, 44, 47, 45, 38, 36, 29, 32, 31
Forage: 45, 45, 53, 42, 43, 39, 30, 27, 29
Forage: 47, 52, 42, 40, 39, 36, 40, 31, 25
Forage: 51, 45, 43, 38, 35, 40, 40, 33, 19
Forage: 45, 46, 41, 34, 39, 32, 30, 33, 24, 27
Forage: 49, 44, 51, 43, 36, 36, 29, 35, 30
Forage: 47, 53, 49, 39, 34, 39, 31, 29, 29
Forage: 39, 51, 47, 33, 35, 37, 32, 32, 26
Forage: 45, 53, 40, 39, 34, 39, 31, 27, 31
Forage: 53, 48, 49, 44, 36, 41, 29, 29, 29
Forage: 49, 54, 44, 45, 35, 35, 32, 32, 28
Forage: 47, 52, 41, 46, 38, 29, 35, 28, 32
Forage: 45, 54, 42, 41, 30, 37, 29, 35, 28
Forage: 45, 50, 44, 37, 43, 34, 24, 34, 30
Forage: 45, 52, 47, 42, 29, 34, 29, 33, 25
Forage: 47, 52, 38, 49, 33, 42, 35, 30, 25
Forage: 46, 51, 43, 42, 35, 34, 37, 28, 25
