Forage: 21, 31, 31, 29, 29, 25, 20, 20, 28, 17, 22, 19, 12, 19, 12, 8, 13
Forage: 22, 34, 24, 24, 22, 24, 21, 18, 27, 20, 18, 32, 17, 12, 19, 15
Forage: 21, 34, 34, 24, 33, 29, 18, 26, 21, 20, 21, 14, 19, 17, 17
Forage: 25, 35, 32, 32, 23, 28, 21, 17, 20, 24, 19, 15, 13, 19, 13, 17
Forage: 25, 35, 32, 25, 26, 24, 23, 24, 25, 17, 17, 16, 12, 22, 18, 16
Forage: 24, 32, 23, 28, 31, 27, 28, 22, 28, 21, 18, 16, 15, 18, 17
Forage: 29, 35, 30, 29, 25, 20, 22, 23, 27, 22, 13, 20, 21, 23, 12
Forage: 23, 33, 27, 33, 22, 21, 30, 20, 26, 17, 19, 18, 13, 13, 17, 12
Forage: 22, 34, 25, 32, 26, 26, 20, 22, 22, 20, 22, 17, 16, 20, 16, 9
Forage: 30, 26, 34, 26, 26, 25, 20, 23, 21, 15, 17, 20, 17, 18, 18, 14
Forage: 22, 39, 30, 24, 23, 21, 29, 26, 17, 23, 17, 19, 23, 14, 11, 17
Forage: 25, 22, 29, 33, 24, 23, 24, 23, 23, 21, 23, 18, 18, 16, 17, 9, 9
Forage: 22, 28, 22, 26, 30, 25, 22, 24, 21, 15, 25, 23, 20, 17, 11, 20
Forage: 25, 22, 24, 35, 28, 24, 22, 28, 23, 20, 25, 14, 17, 17, 18, 16
Forage: 28, 33, 39, 23, 31, 29, 25, 23, 18, 11, 23, 16, 20, 12, 11, 11
Forage: 22, 33, 23, 28, 29, 23, 26, 31, 20, 17, 18, 13, 17, 14, 11, 13, 18
Forage: 17, 34, 29, 28, 23, 24, 17, 29, 24, 20, 22, 18, 14, 11, 11, 20
Forage: 17, 24, 29, 34, 22, 30, 24, 25, 20, 23, 14, 18, 17, 17, 18, 12, 14
Forage: 21, 27, 28, 28, 32, 25, 25, 20, 24, 18, 19, 23, 15, 20, 9, 19
Forage: 18, 32, 29, 28, 29, 30, 23, 26, 21, 15, 20, 14, 14, 13, 10, 11, 16
Forage: 25, 25, 30, 26, 26, 22, 25, 27, 19, 20, 19, 18, 13, 20, 13, 18
Forage: 23, 32, 29, 28, 27, 21, 27, 18, 20, 24, 22, 20, 19, 19, 17, 8
Forage: 21, 30, 35, 20, 26, 25, 21, 19, 22, 19, 17, 17, 19, 14, 21, 15, 12
Forage: 20, 24, 23, 32, 25, 32, 18, 23, 25, 20, 23, 18, 21, 15, 19, 17
Forage: 19, 26, 33, 24, 27, 28, 25, 24, 21, 22, 18, 18, 18, 17, 15, 18
Forage: 27, 30, 29, 29, 26, 25, 23, 24, 23, 23, 16, 21, 12, 22, 13, 9
Forage: 22, 29, 25, 26, 33, 23, 23, 27, 26, 11, 19, 22, 16, 17, 19, 10
Forage: 23, 30, 26, 33, 28, 27, 22, 21, 23, 21, 21, 21, 12, 20, 12, 13
Forage: 27, 28, 31, 22, 29, 19, 26, 20, 33, 16, 20, 17, 14, 22, 14, 11
Forage: 24, 35, 26, 26, 27, 24, 23, 25, 23, 23, 22, 19, 20, 19, 14
