Forage: 35, 37, 31, 30, 27, 24, 25, 24, 27, 21, 21, 19, 23
Forage: 33, 37, 31, 24, 34, 25, 26, 28, 18, 26, 19, 22, 15
Forage: 30, 43, 34, 29, 29, 28, 23, 24, 29, 17, 20, 23, 21
Forage: 39, 38, 35, 30, 30, 30, 24, 24, 25, 29, 22, 19
Forage: 31, 31, 40, 28, 31, 31, 28, 28, 23, 20, 15, 19, 22
Forage: 35, 37, 39, 36, 25, 27, 21, 30, 27, 25, 22, 23
Forage: 33, 39, 34, 31, 28, 23, 26, 24, 24, 21, 22, 21, 18
Forage: 35, 33, 41, 31, 26, 27, 23, 28, 20, 22, 18, 19, 18, 17
Forage: 30, 36, 35, 29, 27, 20, 26, 27, 23, 29, 23, 19, 16
Forage: 30, 32, 32, 32, 31, 23, 25, 24, 24, 22, 17, 17, 18, 19
Forage: 34, 32, 33, 32, 28, 25, 29, 24, 28, 22, 24, 21, 18
Forage: 33, 35, 38, 31, 27, 30, 23, 22, 27, 25, 20, 21, 24
Forage: 34, 39, 32, 31, 31, 24, 28, 24, 27, 17, 23, 20, 20
Forage: 27, 37, 38, 31, 31, 28, 24, 25, 28, 17, 18, 23, 25
Forage: 35, 34, 36, 36, 26, 26, 29, 27, 21, 25, 17, 25
Forage: 29, 37, 34, 32, 25, 25, 22, 24, 23, 24, 25, 16, 16, 15
Forage: 33, 38, 36, 31, 35, 27, 32, 21, 20, 19, 27, 19, 20
Forage: 30, 36, 32, 33, 30, 24, 27, 26, 25, 23, 25, 13, 19
Forage: 31, 37, 36, 31, 28, 25, 29, 25, 22, 24, 25, 23, 18
Forage: 33, 36, 28, 30, 30, 22, 26, 22, 26, 20, 27, 17, 21, 14
Forage: 35, 37, 30, 35, 25, 25, 23, 27, 26, 23, 22, 19, 18
Forage: 32, 37, 41, 30, 27, 26, 24, 23, 26, 23, 23, 22, 16
Forage: 36, 37, 28, 35, 31, 26, 30, 23, 28, 21, 16, 24, 23
Forage: 35, 34, 36, 29, 32, 30, 27, 27, 28, 20, 23, 20, 14
Forage: 28, 39, 33, 29, 32, 23, 30, 27, 23, 20, 19, 21, 21
Forage: 35, 37, 38, 31, 26, 26, 25, 24, 23, 26, 20, 17, 19
Forage: 31, 37, 37, 31, 30, 26, 29, 22, 20, 24, 20, 15, 21, 15
Forage: 30, 34, 38, 33, 24, 28, 26, 29, 19, 26, 20, 22, 21
Forage: 31, 35, 36, 30, 28, 27, 24, 24, 20, 20, 22, 23, 18, 14
Forage: 33, 30, 35, 31, 28, 30, 25, 24, 20, 22, 19, 22, 16, 15
