Forage: 15, 20, 18, 19, 15, 15, 16, 17, 14, 17, 20, 10, 15, 13, 12, 11, 11, 11, 12, 12, 12, 15, 9, 14, 10
Forage: 15, 21, 19, 18, 16, 16, 14, 17, 23, 10, 16, 10, 15, 12, 13, 13, 16, 14, 10, 16, 9, 10, 13, 14, 6
Forage: 18, 21, 16, 19, 14, 19, 13, 14, 16, 12, 14, 12, 15, 12, 13, 18, 11, 9, 14, 8, 9, 12, 10, 9, 10, 11
Forage: 16, 19, 20, 19, 15, 17, 17, 11, 17, 14, 15, 12, 19, 15, 16, 17, 18, 13, 12, 10, 8, 9, 10, 13
Forage: 16, 21, 22, 15, 16, 15, 16, 12, 17, 13, 15, 14, 12, 17, 15, 13, 8, 12, 15, 9, 11, 13, 9, 15, 10
Forage: 16, 18, 19, 15, 17, 16, 20, 15, 15, 16, 18, 11, 15, 11, 10, 11, 13, 18, 14, 12, 15, 10, 10, 12, 11
Forage: 15, 16, 21, 23, 20, 18, 17, 19, 13, 13, 14, 18, 13, 16, 16, 16, 18, 15, 15, 14, 10, 11
Forage: 16, 21, 20, 15, 14, 20, 17, 16, 14, 15, 12, 16, 16, 12, 12, 14, 14, 12, 12, 12, 4, 10, 8, 9, 5, 9, 12
Forage: 18, 21, 18, 20, 17, 18, 16, 14, 16, 13, 15, 17, 13, 18, 11, 14, 13, 9, 9, 11, 12, 16, 8, 9, 12
Forage: 20, 25, 18, 20, 15, 15, 16, 14, 13, 14, 15, 14, 15, 14, 12, 14, 11, 11, 9, 11, 9, 9, 12, 7, 8, 9
Forage: 16, 24, 23, 16, 15, 16, 15, 16, 14, 16, 15, 15, 16, 13, 13, 12, 13, 13, 12, 13, 10, 12, 8, 13
Forage: 19, 18, 18, 20, 16, 20, 13, 16, 13, 14, 14, 14, 16, 13, 12, 8, 13, 14, 13, 11, 12, 16, 12, 9, 9
Forage: 20, 17, 22, 16, 18, 18, 12, 16, 15, 15, 12, 13, 13, 16, 11, 13, 13, 15, 12, 9, 14, 11, 9, 11, 10
Forage: 14, 19, 20, 18, 20, 16, 18, 16, 14, 13, 14, 15, 10, 12, 16, 7, 15, 17, 13, 16, 7, 7, 16, 11, 11
Forage: 19, 21, 20, 19, 14, 13, 15, 15, 17, 17, 14, 17, 17, 13, 9, 13, 13, 13, 15, 8, 13, 9, 9, 9, 11
Forage: 18, 20, 20, 19, 14, 15, 17, 16, 16, 14, 13, 19, 16, 11, 11, 18, 14, 12, 10, 12, 14, 12, 11, 11
Forage: 18, 20, 19, 21, 17, 18, 14, 12, 18, 10, 15, 12, 11, 15, 11, 11, 10, 12, 8, 12, 8, 12, 9, 14, 10, 11, 10
Forage: 21, 17, 19, 18, 19, 19, 16, 15, 15, 15, 17, 15, 12, 11, 12, 12, 15, 16, 12, 10, 9, 12, 12, 12
Forage: 16, 22, 21, 18, 18, 11, 15, 14, 14, 15, 10, 12, 11, 10, 15, 12, 13, 14, 13, 15, 12, 15, 15, 13, 12
Forage: 18, 20, 19, 19, 17, 18, 20, 17, 16, 16, 12, 14, 13, 14, 14, 13, 15, 13, 14, 13, 9, 13, 7, 7
Forage: 18, 19, 21, 19, 17, 20, 17, 13, 13, 18, 16, 14, 14, 13, 13, 15, 8, 13, 14, 8, 9, 13, 9, 10, 9
Forage: 20, 22, 13, 17, 21, 19, 18, 17, 17, 13, 12, 13, 13, 15, 16, 12, 12, 12, 9, 16, 10, 10, 10, 10
Forage: 16, 19, 17, 17, 16, 20, 15, 13, 16, 13, 17, 13, 12, 13, 14, 10, 12, 10, 12, 11, 8, 10, 12, 11, 10, 12, 9
Forage: 17, 24, 19, 20, 14, 18, 17, 15, 12, 19, 14, 9, 15, 13, 12, 12, 13, 12, 12, 12, 13, 11, 8, 14, 9
Forage: 19, 20, 20, 23, 14, 19, 15, 16, 12, 10, 15, 12, 12, 9, 7, 5, 14, 9, 10, 9, 9, 8, 9, 6, 8, 11, 13, 11, 10
Forage: 20, 20, 20, 19, 16, 13, 16, 15, 12, 13, 14, 18, 10, 17, 15, 18, 13, 10, 14, 10, 9, 11, 9, 12, 5
Forage: 19, 17, 18, 19, 15, 15, 14, 12, 14, 12, 15, 11, 15, 13, 11, 10, 11, 8, 14, 19, 11, 13, 12, 14, 16, 7
Forage: 18, 23, 18, 18, 15, 18, 15, 17, 11, 12, 16, 13, 14, 12, 13, 15, 11, 13, 10, 10, 10, 11, 9, 11, 10, 12
Forage: 17, 21, 19, 17, 18, 15, 21, 16, 19, 17, 13, 14, 12, 12, 12, 17, 16, 10, 11, 12, 13, 6, 15, 12
Forage: 16, 24, 19, 17, 17, 20, 18, 13, 16, 14, 16, 12, 13, 17, 14, 14, 10, 9, 11, 10, 8, 12, 7, 12, 7, 9
