Forage: 37, 45, 38, 35, 37, 37, 41, 23, 32, 29
Forage: 38, 45, 45, 33, 32, 32, 27, 34, 24, 29
Forage: 39, 40, 39, 36, 38, 32, 31, 33, 21, 26, 17
Forage: 39, 40, 35, 36, 33, 33, 27, 33, 25, 25, 25
Forage: 37, 44, 44, 37, 32, 31, 28, 22, 25, 28, 27
Forage: 37, 42, 41, 37, 36, 30, 31, 27, 24, 28, 22
Forage: 41, 44, 36, 34, 30, 31, 26, 29, 27, 22, 18
Forage: 36, 46, 39, 31, 35, 37, 29, 27, 28, 23, 21
Forage: 43, 42, 33, 37, 34, 32, 30, 25, 29, 26, 24
Forage: 40, 42, 38, 32, 33, 30, 31, 30, 22, 18, 25
Forage: 37, 45, 42, 37, 32, 30, 33, 26, 28, 28
Forage: 35, 50, 43, 43, 29, 31, 34, 28, 25, 24
Forage: 43, 45, 41, 36, 35, 32, 27, 29, 22, 22, 19
Forage: 45, 43, 42, 33, 30, 35, 27, 28, 23, 26, 25
Forage: 39, 46, 40, 33, 33, 30, 34, 24, 22, 24, 23
Forage: 40, 47, 42, 38, 31, 34, 34, 27, 23, 25
Forage: 36, 41, 40, 38, 33, 33, 32, 24, 25, 31, 18
Forage: 43, 40, 38, 30, 34, 35, 27, 30, 27, 23, 26
Forage: 34, 52, 37, 38, 27, 31, 27, 26, 33, 26, 25
Forage: 35, 47, 33, 36, 39, 30, 31, 23, 29, 27, 25
Forage: 38, 39, 40, 35, 33, 36, 31, 27, 26, 25, 23
Forage: 33, 46, 41, 36, 36, 32, 31, 31, 25, 24, 18
Forage: 35, 46, 36, 36, 32, 33, 33, 29, 27, 28
Forage: 43, 42, 33, 41, 37, 31, 27, 29, 27, 22
Forage: 40, 50, 32, 37, 30, 30, 34, 26, 24, 23, 20
Forage: 36, 44, 42, 35, 39, 30, 28, 29, 23, 21, 28
Forage: 43, 41, 44, 40, 36, 32, 29, 29, 25, 26
Forage: 39, 45, 39, 36, 31, 33, 26, 29, 29, 24, 22
Forage: 43, 35, 40, 33, 34, 33, 29, 25, 23, 27, 26
Forage: 36, 50, 41, 30, 32, 36, 29, 29, 19, 24, 19
