Forage: 23, 29, 29, 22, 22, 26, 21, 25, 17, 23, 17, 17, 19, 17, 16, 20, 10
Forage: 28, 31, 26, 21, 24, 21, 22, 20, 20, 19, 20, 20, 17, 17, 22, 17
Forage: 23, 29, 24, 21, 26, 26, 26, 24, 26, 25, 21, 24, 15, 12, 11, 15
Forage: 25, 27, 31, 23, 26, 21, 24, 21, 14, 21, 22, 15, 14, 17, 20, 15, 14
Forage: 22, 28, 25, 24, 21, 23, 23, 24, 21, 22, 17, 19, 16, 14, 12, 14, 12, 13
Forage: 26, 23, 25, 23, 21, 23, 22, 20, 25, 20, 23, 14, 18, 17, 15, 21, 16
Forage: 24, 26, 25, 24, 26, 23, 21, 22, 15, 25, 18, 19, 20, 13, 18, 21, 14
Forage: 24, 29, 22, 24, 23, 24, 25, 20, 19, 17, 23, 15, 18, 17, 21, 15, 14
Forage: 24, 32, 23, 29, 19, 19, 24, 21, 20, 21, 18, 19, 21, 13, 13, 14, 13, 13
Forage: 25, 30, 28, 21, 21, 22, 20, 23, 19, 20, 18, 13, 12, 20, 15, 18, 16, 15
Forage: 26, 27, 27, 28, 19, 19, 26, 21, 16, 18, 17, 21, 16, 18, 17, 17, 16, 9
Forage: 25, 28, 25, 24, 21, 26, 22, 22, 19, 24, 16, 19, 16, 19, 16, 11, 12
Forage: 26, 29, 32, 24, 22, 23, 16, 18, 19, 19, 20, 16, 14, 12, 14, 12, 16, 11, 9
Forage: 27, 27, 26, 30, 28, 18, 23, 17, 19, 19, 19, 20, 24, 18, 14, 17
Forage: 25, 31, 30, 24, 27, 21, 24, 23, 22, 19, 20, 15, 10, 11, 11, 15, 16, 14
Forage: 25, 25, 30, 23, 25, 22, 18, 19, 17, 21, 17, 22, 19, 20, 15, 10, 14, 8
Forage: 26, 31, 29, 22, 23, 24, 24, 24, 22, 19, 23, 20, 20, 18, 16, 16
Forage: 27, 27, 32, 22, 28, 22, 23, 24, 17, 19, 19, 18, 17, 18, 11, 15, 18
Forage: 27, 25, 25, 23, 24, 20, 27, 20, 23, 24, 18, 18, 16, 19, 10, 14, 12, 13
Forage: 26, 31, 32, 25, 20, 23, 21, 19, 16, 18, 15, 14, 15, 17, 15, 11, 18, 18
Forage: 30, 29, 26, 23, 23, 24, 23, 20, 20, 14, 23, 24, 19, 17, 16, 17
Forage: 22, 32, 30, 26, 25, 23, 18, 15, 21, 18, 20, 22, 16, 11, 16, 18, 12
Forage: 25, 30, 28, 26, 27, 21, 20, 13, 20, 20, 18, 16, 14, 13, 15, 13, 14, 17
Forage: 24, 30, 27, 27, 22, 19, 18, 19, 16, 15, 20, 17, 16, 12, 15, 13, 18, 13, 17
Forage: 27, 28, 29, 24, 23, 24, 25, 17, 18, 18, 16, 11, 16, 19, 6, 12, 13, 16
Forage: 27, 26, 34, 24, 23, 27, 19, 20, 23, 20, 19, 18, 23, 16, 16, 12
Forage: 23, 29, 26, 25, 21, 22, 21, 20, 17, 16, 16, 17, 17, 20, 14, 17, 13, 12
Forage: 29, 29, 28, 19, 29, 19, 22, 19, 17, 23, 22, 20, 17, 15, 11, 20, 13
Forage: 25, 27, 28, 22, 18, 25, 21, 19, 21, 24, 18, 18, 19, 14, 14, 15, 19
Forage: 24, 26, 28, 27, 28, 23, 21, 24, 18, 21, 23, 17, 17, 17, 16, 14, 13
